rows=3180
cols=8433
(0, 3579, -977)
(0, 2005, -893)
(0, 1244, -622)
(0, 3713, -670)
(0, 2884, -793)
(0, 6603, -745)
(0, 3290, -428)
(0, 66, -572)
(0, 164, -566)
(0, 1934, -756)
(0, 3627, 629)
(0, 3142, 676)
(0, 1327, 931)
(0, 24, -558)
(0, 1969, 326)
(0, 1876, -933)
(0, 149, 171)
(0, 2971, 122)
(0, 3167, 426)
(0, 4056, 185)
(0, 4739, -679)
(0, 7924, -735)
(0, 4648, -910)
(0, 4537, -748)
(0, 8321, 648)
(0, 2323, -577)
(0, 1146, -803)
(0, 5300, -761)
(0, 3294, -823)
(0, 79, -155)
(0, 2323, -726)
(0, 2622, -739)
(0, 3822, -485)
(0, 560, 295)
(0, 1669, -296)
(0, 2252, -513)
(0, 3996, 1001)
(0, 7480, -650)
(0, 5417, 641)
(0, 3331, -599)
(0, 2728, -123)
(0, 6032, -656)
(0, 2541, -116)
(0, 2189, -1023)
(0, 6111, -440)
(0, 2617, -773)
(0, 3066, -791)
(0, 638, -599)
(0, 3566, -512)
(0, 476, 796)
(0, 3886, -741)
(0, 572, 596)
(0, 1248, 613)
(0, 140, -961)
(0, 3780, -722)
(0, 4764, -801)
(0, 1468, 222)
(0, 36, -780)
(0, 1296, -670)
(0, 7942, -865)
(0, 5514, -629)
(0, 6247, 909)
(0, 1898, 320)
(0, 2406, -656)
(0, 706, -632)
(0, 7546, -689)
(0, 6276, -576)
(0, 881, -775)
(0, 1282, -672)
(0, 6060, -584)
(0, 3461, 333)
(0, 7657, -734)
(0, 2996, 927)
(0, 6468, 53)
(0, 4646, -360)
(0, 7381, 697)
(0, 1648, -900)
(0, 7982, -690)
(1, 1519, -820)
(1, 3870, -722)
(1, 1456, -310)
(1, 4072, -852)
(1, 5513, -703)
(1, 1129, -846)
(1, 1477, 579)
(1, 967, -746)
(1, 7269, 310)
(1, 7776, 946)
(1, 5618, -658)
(1, 3989, -608)
(1, 3517, -401)
(1, 1283, -525)
(1, 1542, -996)
(1, 5557, -662)
(1, 601, -61)
(1, 3110, -719)
(1, 6233, -891)
(1, 5082, 542)
(1, 312, -396)
(1, 5315, -714)
(1, 1111, 794)
(1, 1317, 864)
(1, 7202, -785)
(1, 617, -764)
(1, 6342, 858)
(1, 5462, -123)
(1, 3202, -646)
(1, 1366, -663)
(1, 3917, -711)
(1, 3022, -171)
(1, 1991, -572)
(1, 2667, -950)
(1, 6167, -794)
(1, 319, -868)
(1, 1619, -890)
(1, 3961, -915)
(1, 6343, 587)
(1, 6058, 168)
(1, 4789, -522)
(1, 5436, 146)
(1, 987, -722)
(1, 995, -677)
(1, 1905, -983)
(1, 914, -792)
(1, 1209, -591)
(1, 1639, 293)
(1, 1852, -888)
(1, 992, -973)
(1, 3649, -911)
(1, 262, -588)
(1, 7332, -600)
(1, 638, -951)
(1, 1185, -940)
(1, 4138, -911)
(1, 3215, -644)
(1, 6143, -578)
(1, 5805, -409)
(1, 2654, -927)
(1, 6305, 595)
(1, 2038, -753)
(1, 1307, -821)
(1, 921, -304)
(1, 1899, -574)
(1, 5243, -53)
(1, 8104, -944)
(1, 7626, -638)
(1, 2123, 592)
(1, 3967, 722)
(1, 1687, -517)
(1, 2779, -924)
(1, 2181, -108)
(1, 8374, -932)
(1, 1421, -820)
(1, 2397, 839)
(1, 1622, 62)
(1, 906, 852)
(1, 6843, -713)
(1, 2843, -712)
(1, 7030, 936)
(1, 1184, -744)
(1, 2101, -702)
(1, 1285, 250)
(1, 1468, -913)
(1, 143, -570)
(1, 7345, -657)
(1, 1960, -562)
(1, 4677, 929)
(1, 2748, 475)
(1, 3313, -236)
(1, 422, -830)
(1, 7032, -397)
(1, 2253, 642)
(1, 5025, -714)
(2, 7542, -917)
(2, 2116, -683)
(2, 1805, -591)
(2, 2493, 920)
(2, 2267, -144)
(2, 1847, -1019)
(2, 5957, -749)
(2, 2475, 840)
(2, 6336, -443)
(2, 3454, -589)
(2, 325, -676)
(2, 1492, -279)
(2, 3802, -624)
(2, 2585, -416)
(2, 2652, -998)
(2, 1209, 279)
(2, 8135, -962)
(2, 1305, 174)
(2, 2974, 311)
(2, 3734, 904)
(2, 7769, -889)
(2, 910, -33)
(2, 2243, -218)
(2, 7230, 408)
(2, 1557, 987)
(2, 2165, 1023)
(2, 1121, -663)
(2, 7109, -823)
(2, 1588, -505)
(2, 3381, -62)
(2, 3003, -787)
(2, 3210, -824)
(2, 2303, -533)
(2, 1283, -422)
(2, 6545, -827)
(2, 38, -727)
(2, 282, -848)
(2, 386, -550)
(2, 5984, 963)
(2, 2072, 827)
(3, 3758, 998)
(3, 6439, -737)
(3, 2209, 710)
(3, 856, -769)
(3, 6611, -946)
(3, 589, -522)
(3, 1922, -336)
(3, 1540, -726)
(3, 1046, -964)
(3, 4034, -629)
(3, 6875, -689)
(3, 423, -8)
(3, 1576, -528)
(3, 253, 742)
(3, 929, 1)
(3, 7198, -604)
(3, 6716, -979)
(3, 4598, -617)
(3, 5443, -584)
(3, 2939, -849)
(3, 3374, -846)
(3, 1505, -60)
(3, 5409, -783)
(3, 640, -723)
(3, 3878, 819)
(3, 1531, -566)
(3, 6513, 60)
(3, 1214, -915)
(3, 6133, -544)
(3, 136, 745)
(3, 1666, -935)
(3, 7152, -567)
(3, 234, 390)
(3, 2820, -625)
(3, 438, -809)
(3, 1573, -922)
(3, 722, -529)
(3, 4971, -424)
(3, 3720, -663)
(3, 4592, -832)
(3, 1797, -1003)
(3, 3520, -534)
(3, 2682, -841)
(3, 6353, 822)
(3, 4751, -674)
(3, 3998, -397)
(3, 6353, -413)
(3, 4247, -774)
(3, 607, -609)
(3, 1430, -491)
(3, 1645, -619)
(3, 1831, 214)
(3, 1811, -716)
(3, 4555, 525)
(3, 1212, -690)
(3, 3172, -45)
(3, 862, -804)
(3, 5267, -679)
(3, 1846, -702)
(3, 4497, -596)
(3, 1820, -551)
(3, 898, -634)
(3, 1113, 279)
(3, 2728, -683)
(3, 3766, 975)
(3, 5658, 403)
(3, 2421, -556)
(3, 697, -863)
(3, 2853, 766)
(3, 7437, -847)
(3, 2811, -815)
(3, 1923, -762)
(3, 410, 760)
(3, 3130, -514)
(3, 7392, -564)
(3, 1097, -833)
(3, 4141, -886)
(3, 6774, -710)
(3, 6143, -599)
(3, 6183, 45)
(3, 243, 207)
(3, 8415, -769)
(3, 975, -911)
(3, 906, 865)
(3, 3332, -947)
(3, 7954, -840)
(3, 3061, -910)
(3, 383, -673)
(3, 1896, -890)
(3, 2712, -782)
(3, 91, -350)
(3, 111, 900)
(3, 3653, 721)
(3, 1831, 855)
(3, 194, 316)
(3, 667, -704)
(3, 5085, 924)
(3, 1134, -970)
(3, 5271, 399)
(3, 2522, -964)
(3, 7889, 427)
(3, 1414, 414)
(3, 4048, 654)
(3, 156, -854)
(3, 3000, 508)
(3, 6769, 763)
(3, 5780, -714)
(3, 156, -1022)
(3, 3126, -359)
(3, 6600, -656)
(3, 255, -808)
(3, 2173, -687)
(3, 571, -526)
(3, 1038, -567)
(3, 2408, -42)
(3, 1089, -420)
(3, 3653, -430)
(3, 3852, 911)
(3, 4275, -832)
(3, 2598, 167)
(3, 1629, -275)
(3, 1795, -744)
(3, 54, 308)
(3, 3788, -924)
(3, 4032, -944)
(3, 5138, -634)
(3, 1719, -544)
(3, 3612, 877)
(3, 2182, -992)
(3, 7701, -519)
(3, 4868, -516)
(3, 3109, -669)
(3, 3621, -827)
(3, 244, 864)
(3, 886, -263)
(3, 2347, -507)
(3, 5650, -973)
(3, 2264, -567)
(3, 2545, -635)
(3, 574, -425)
(3, 3294, -600)
(3, 1261, -379)
(3, 373, -847)
(3, 75, 711)
(3, 669, 392)
(3, 4202, -366)
(3, 5444, -552)
(3, 6989, -739)
(3, 4756, -545)
(3, 447, -1019)
(3, 4768, 521)
(3, 7110, 102)
(3, 3622, 541)
(3, 593, -737)
(3, 1084, -542)
(3, 2830, -775)
(3, 811, -586)
(3, 2976, -763)
(3, 6938, -896)
(3, 2980, -795)
(3, 5, -681)
(3, 3683, -534)
(3, 3289, -668)
(3, 2735, -293)
(3, 2793, -894)
(3, 3965, -587)
(3, 2485, 57)
(3, 3280, 279)
(3, 2482, 161)
(3, 6625, -308)
(3, 4392, 957)
(3, 1414, 128)
(3, 2244, 337)
(3, 196, -790)
(3, 1257, -864)
(3, 2323, 837)
(3, 4067, 721)
(3, 4679, -928)
(3, 3995, -598)
(3, 2533, -751)
(3, 3605, 860)
(3, 3676, 628)
(3, 6577, 483)
(3, 3554, -533)
(3, 3475, -970)
(3, 4868, -678)
(3, 2118, -760)
(3, 1039, -691)
(3, 1508, -1022)
(3, 1254, 711)
(3, 930, 424)
(3, 1403, 488)
(3, 7997, -818)
(3, 2738, -1014)
(3, 1612, 899)
(3, 1511, -626)
(3, 2767, -458)
(3, 2085, 127)
(3, 56, -618)
(3, 3718, 87)
(4, 4016, 652)
(4, 2503, -447)
(4, 2456, 1014)
(4, 2277, -937)
(4, 1950, -904)
(4, 2407, -658)
(4, 3558, -564)
(4, 3927, 185)
(4, 1015, -535)
(4, 6866, -555)
(4, 4110, -965)
(4, 587, -94)
(4, 8116, -584)
(4, 2106, 891)
(4, 3900, -662)
(4, 1941, -835)
(4, 1208, -586)
(4, 762, -61)
(4, 2383, 959)
(4, 53, 503)
(4, 4509, -607)
(4, 3557, -860)
(4, 6519, -656)
(4, 2004, -878)
(4, 1477, -815)
(5, 3006, 349)
(5, 2006, -907)
(5, 4836, -507)
(5, 3693, -747)
(5, 128, -708)
(5, 3092, -529)
(5, 1210, -725)
(5, 2986, -550)
(5, 4130, -513)
(5, 2515, -71)
(5, 1210, -38)
(5, 2006, 752)
(5, 4147, 958)
(5, 7483, -455)
(5, 1986, 437)
(5, 6510, -881)
(5, 3134, -252)
(5, 2954, 339)
(5, 2760, -707)
(5, 3232, 87)
(5, 3334, -618)
(5, 3119, -516)
(5, 2639, -243)
(5, 5257, -1014)
(5, 183, -801)
(5, 391, -652)
(5, 2515, -519)
(5, 1167, -791)
(5, 1605, -887)
(5, 1623, -574)
(5, 4117, -155)
(5, 2040, 542)
(5, 1338, -777)
(5, 4176, -628)
(5, 907, 826)
(5, 1624, -952)
(5, 4934, -830)
(5, 2144, -699)
(5, 2746, -994)
(5, 4663, 598)
(5, 948, 367)
(5, 5503, 586)
(5, 8198, -179)
(5, 2299, -999)
(5, 7070, 395)
(5, 6383, -739)
(5, 2837, -727)
(5, 3135, -515)
(5, 3292, -1013)
(5, 2095, 887)
(5, 819, -570)
(5, 4182, -618)
(5, 6747, -757)
(5, 220, -780)
(5, 2239, -816)
(5, 1515, 76)
(5, 253, 642)
(5, 3758, -567)
(5, 683, 311)
(5, 740, -967)
(5, 3483, -229)
(5, 3271, -525)
(5, 5459, -644)
(5, 57, -745)
(5, 3070, -179)
(5, 7389, -683)
(5, 3278, -1019)
(5, 3816, 943)
(5, 1461, 666)
(5, 3579, 820)
(5, 1043, -840)
(5, 3017, -530)
(5, 3846, -696)
(5, 3710, -891)
(5, 5658, -612)
(5, 1454, -754)
(5, 14, 342)
(5, 2204, -711)
(5, 394, -1023)
(5, 3959, -995)
(5, 2232, -577)
(5, 3942, -544)
(5, 2473, -1001)
(5, 2352, 181)
(5, 3459, -284)
(5, 7517, -710)
(5, 616, -557)
(5, 2599, -591)
(5, 4064, -559)
(5, 2920, -848)
(5, 7870, -624)
(5, 779, -608)
(5, 3086, 704)
(5, 2681, 892)
(5, 1877, -890)
(5, 6882, 51)
(5, 7743, 595)
(5, 3922, 164)
(5, 2583, -791)
(5, 4017, -896)
(5, 1011, 125)
(5, 6183, -170)
(5, 4766, 404)
(5, 2330, 633)
(5, 3336, -397)
(5, 2347, -1016)
(5, 2654, -276)
(5, 6301, -752)
(5, 4863, -224)
(5, 1553, -888)
(5, 4102, -989)
(5, 2751, 1012)
(5, 5600, -454)
(5, 2322, 500)
(5, 4107, -982)
(5, 6460, 243)
(5, 2978, 462)
(5, 3148, -582)
(5, 240, -929)
(5, 2953, -420)
(5, 3845, -661)
(5, 759, -716)
(5, 2101, -740)
(5, 636, 119)
(6, 349, -893)
(6, 2621, -531)
(6, 670, 523)
(6, 1731, -903)
(6, 1133, -338)
(6, 2939, -835)
(6, 1961, -659)
(6, 2191, -115)
(6, 7149, 981)
(6, 4135, 791)
(6, 2785, -643)
(6, 1165, -163)
(6, 965, -708)
(6, 371, -591)
(6, 2423, -7)
(6, 8098, 452)
(6, 1550, -913)
(6, 1991, -1013)
(6, 2812, -89)
(6, 590, -978)
(6, 4064, -516)
(6, 2317, -608)
(6, 3820, -514)
(6, 2655, 378)
(6, 5605, -1012)
(6, 313, 465)
(6, 281, 12)
(6, 4457, -897)
(6, 1661, -907)
(6, 4914, -782)
(6, 8368, -1018)
(6, 351, -571)
(6, 7281, -937)
(6, 3184, -634)
(6, 4157, 486)
(6, 167, -635)
(6, 2926, -694)
(6, 4168, -263)
(6, 2408, -826)
(6, 7994, -573)
(6, 3375, -748)
(6, 3675, -573)
(6, 2375, -793)
(6, 4175, -34)
(6, 2338, -661)
(6, 151, -849)
(6, 202, -808)
(6, 2387, -26)
(6, 7395, -873)
(6, 2047, -977)
(6, 3024, 426)
(8, 1065, -1014)
(8, 1369, -197)
(8, 7701, 839)
(8, 1516, 1)
(8, 2047, -765)
(8, 3582, -312)
(8, 1654, -892)
(8, 1592, -871)
(8, 4742, -913)
(8, 3353, -95)
(8, 2673, -596)
(8, 3459, 387)
(8, 3898, 216)
(8, 7468, -273)
(8, 154, -931)
(8, 5260, -528)
(8, 1523, -564)
(8, 1137, -448)
(8, 6485, -909)
(9, 632, -204)
(9, 272, -832)
(9, 2038, 746)
(10, 7683, -334)
(10, 8305, -655)
(10, 7017, -763)
(10, 4013, -814)
(10, 2701, -297)
(10, 1660, -644)
(10, 1299, -749)
(10, 8191, -618)
(10, 7768, 1012)
(10, 3767, 231)
(10, 5816, -756)
(10, 8285, -876)
(10, 8041, -913)
(10, 551, 472)
(10, 3855, 341)
(10, 2635, -748)
(10, 1124, 261)
(10, 454, -685)
(10, 2297, 325)
(10, 2159, -966)
(10, 2336, -978)
(10, 2015, -796)
(10, 2194, -857)
(10, 1216, -375)
(10, 2380, -566)
(10, 1358, 800)
(10, 1824, -786)
(10, 806, 819)
(10, 541, 736)
(10, 2160, -652)
(10, 3978, -964)
(10, 2718, -873)
(10, 1098, -1015)
(10, 1321, -16)
(10, 7303, 60)
(10, 3724, -627)
(11, 744, 511)
(11, 1717, -553)
(11, 5432, -891)
(11, 2243, 253)
(11, 189, -1020)
(11, 3293, -670)
(11, 2465, -490)
(11, 8052, -825)
(11, 1422, -793)
(11, 3896, -913)
(11, 6261, -596)
(11, 1317, -763)
(11, 1738, -248)
(11, 94, -404)
(11, 1886, 519)
(11, 3852, 359)
(11, 1222, -986)
(11, 2557, -864)
(11, 2068, -927)
(11, 3937, -1008)
(11, 3744, -154)
(11, 1514, -857)
(11, 6164, -636)
(11, 2605, -288)
(11, 1576, -764)
(11, 6065, -718)
(11, 409, -734)
(11, 2064, -666)
(11, 988, 440)
(11, 7497, 563)
(11, 3608, -826)
(11, 8058, -706)
(11, 496, -935)
(11, 167, -923)
(11, 4105, -285)
(11, 2023, -864)
(11, 3503, -990)
(11, 1460, -340)
(11, 5748, -752)
(11, 3041, 1005)
(11, 1544, 756)
(11, 4927, -990)
(11, 5307, 321)
(11, 4123, 402)
(11, 848, -735)
(11, 685, -200)
(11, 3657, -554)
(11, 365, -877)
(11, 677, 763)
(11, 6487, -875)
(11, 12, -751)
(11, 2148, -720)
(11, 63, 238)
(11, 4959, -100)
(11, 1859, -201)
(11, 1781, 134)
(11, 6450, -781)
(11, 2419, -957)
(11, 121, -721)
(11, 838, -628)
(11, 7260, 371)
(11, 3907, 695)
(11, 5246, -781)
(11, 3839, 306)
(11, 489, 532)
(11, 1256, -70)
(11, 3075, 528)
(11, 1534, -650)
(11, 3507, -703)
(11, 954, 398)
(11, 3028, -694)
(11, 2190, -699)
(11, 4019, 993)
(11, 2435, 639)
(11, 1764, -103)
(11, 1536, -572)
(11, 1294, -934)
(11, 7214, -721)
(11, 2701, -753)
(11, 2368, -868)
(11, 4860, -716)
(11, 1686, -619)
(11, 2504, -565)
(11, 2204, 965)
(11, 2918, 591)
(11, 2533, -870)
(11, 1726, -885)
(11, 3931, -583)
(11, 1009, -740)
(11, 39, -108)
(11, 3430, -828)
(11, 3696, -737)
(11, 253, -747)
(11, 4007, -814)
(11, 490, 623)
(11, 6338, 504)
(11, 2790, -821)
(11, 953, -774)
(11, 3202, -784)
(11, 3949, -552)
(11, 2302, -904)
(11, 839, -53)
(11, 286, -349)
(11, 788, -698)
(11, 2097, -608)
(11, 1191, 470)
(11, 2539, 974)
(11, 1941, -721)
(11, 2815, -540)
(11, 1951, -255)
(11, 2625, -272)
(11, 54, -760)
(11, 2567, -717)
(11, 3784, -747)
(11, 7184, 21)
(11, 2253, 641)
(11, 6847, -360)
(11, 1115, -245)
(11, 7964, -634)
(11, 1032, 985)
(11, 1226, -586)
(11, 7704, -885)
(11, 4399, -451)
(11, 1192, -435)
(11, 7055, -667)
(11, 3311, -931)
(11, 1393, -719)
(11, 1514, -684)
(11, 832, -998)
(11, 2513, 364)
(11, 3217, -976)
(11, 2720, -269)
(11, 3234, -772)
(11, 7591, -681)
(11, 382, 410)
(11, 3621, -1003)
(11, 6199, -213)
(11, 3163, 475)
(11, 1372, 169)
(12, 2033, 254)
(12, 3247, -719)
(12, 1730, -882)
(12, 1703, -492)
(12, 299, 625)
(12, 3485, -905)
(12, 1603, -1014)
(12, 955, -989)
(12, 1605, -133)
(12, 8407, 151)
(12, 6188, 582)
(12, 2583, -679)
(12, 676, -802)
(12, 1876, -547)
(12, 3590, -976)
(12, 2186, -633)
(12, 7853, -959)
(12, 1335, -517)
(12, 3421, -992)
(12, 416, -657)
(12, 7070, -305)
(12, 1217, 203)
(12, 627, -943)
(12, 4693, -919)
(12, 1134, 879)
(12, 315, 52)
(12, 2446, -255)
(12, 1270, -731)
(12, 3887, -795)
(12, 5927, -967)
(12, 4644, -819)
(12, 1241, 511)
(12, 6973, -625)
(12, 3144, -718)
(12, 2815, -688)
(12, 7832, -805)
(12, 6254, -589)
(12, 2370, -613)
(12, 582, -619)
(12, 3583, 938)
(12, 91, -874)
(12, 2746, -421)
(12, 3993, -555)
(12, 2714, -656)
(12, 1680, -59)
(12, 8259, 22)
(12, 1828, -597)
(12, 4248, 377)
(12, 3667, -901)
(12, 2998, 768)
(12, 5487, 978)
(12, 4449, -550)
(12, 8125, -628)
(12, 8066, -1008)
(12, 1073, -303)
(12, 8392, -835)
(12, 755, -919)
(12, 7571, -552)
(12, 3489, 515)
(12, 1018, -979)
(12, 954, -801)
(12, 3017, -970)
(12, 3067, -730)
(12, 2890, -513)
(12, 2904, -780)
(12, 874, -661)
(14, 3141, -536)
(14, 6593, -555)
(14, 6999, -706)
(14, 734, 923)
(14, 6776, -764)
(14, 3758, -748)
(14, 3891, 720)
(14, 1692, 25)
(14, 7288, -691)
(14, 897, 997)
(14, 8429, 840)
(14, 1783, 510)
(14, 603, -820)
(14, 5479, 119)
(14, 3871, -173)
(14, 640, -657)
(14, 2413, -803)
(14, 222, -704)
(14, 3424, -972)
(14, 1822, -837)
(14, 3444, -443)
(14, 6286, -446)
(14, 2128, -889)
(14, 6804, -906)
(14, 2644, 70)
(14, 1185, 945)
(14, 2259, -673)
(14, 1737, 628)
(14, 6851, 103)
(14, 3287, -66)
(14, 2425, -380)
(14, 2738, 425)
(14, 1340, -563)
(14, 3329, -970)
(14, 7163, -611)
(14, 347, -937)
(14, 4815, -903)
(15, 7056, 383)
(15, 2429, 721)
(15, 8078, -945)
(15, 5542, 538)
(15, 5640, 639)
(15, 6093, -918)
(15, 6939, -551)
(15, 443, -947)
(15, 1862, -705)
(15, 2376, -430)
(15, 2397, 4)
(15, 1353, 723)
(15, 2592, -655)
(15, 603, -488)
(15, 1167, -548)
(15, 1626, -1010)
(15, 1418, -307)
(15, 5316, -617)
(15, 3203, 913)
(15, 1301, 820)
(15, 1129, -761)
(15, 2119, 36)
(15, 565, -872)
(15, 99, -233)
(15, 6108, -575)
(15, 8118, -883)
(15, 8018, -887)
(15, 889, -990)
(15, 6318, 187)
(15, 6794, -824)
(15, 2713, -757)
(15, 1002, -601)
(15, 6136, -695)
(15, 6611, -244)
(15, 3780, -646)
(15, 2519, -957)
(15, 1603, 431)
(15, 656, -755)
(15, 215, -581)
(15, 1734, -953)
(15, 6724, 823)
(15, 613, -724)
(15, 5555, -817)
(15, 2424, -744)
(15, 5335, -1011)
(15, 2009, -979)
(15, 2468, 967)
(15, 3193, -845)
(15, 2680, -69)
(15, 453, 610)
(15, 2326, -1002)
(15, 543, -619)
(15, 8170, -515)
(15, 1240, -538)
(15, 3357, -469)
(15, 5603, -666)
(15, 7196, -959)
(15, 5796, -768)
(15, 3768, -866)
(15, 1453, -793)
(15, 6041, 290)
(15, 642, -718)
(15, 2325, -557)
(15, 1896, -638)
(15, 4859, -961)
(15, 2148, -637)
(15, 6866, -612)
(15, 3929, 335)
(15, 2952, -235)
(15, 3943, -884)
(15, 7176, -413)
(15, 3606, -764)
(15, 4631, -142)
(15, 2988, 136)
(15, 3949, -861)
(15, 887, -748)
(15, 1537, -623)
(15, 4792, -776)
(15, 3780, 319)
(15, 416, -943)
(15, 2665, 690)
(15, 316, -970)
(15, 876, -878)
(15, 3160, -1017)
(15, 1474, -630)
(15, 2616, -518)
(15, 4803, 800)
(15, 294, -282)
(15, 2276, -658)
(15, 1574, 373)
(15, 1428, -500)
(15, 2094, 544)
(15, 4395, -906)
(15, 3969, -521)
(15, 1388, -819)
(15, 1670, -228)
(15, 6833, 627)
(15, 968, 66)
(15, 3456, -666)
(15, 8183, -364)
(15, 2640, 168)
(15, 2675, -527)
(15, 1810, 461)
(15, 3157, 118)
(15, 254, -469)
(15, 2680, 15)
(15, 325, -1000)
(15, 4212, -819)
(15, 1156, -818)
(15, 1888, -930)
(15, 4932, 916)
(15, 2639, -696)
(15, 4805, -940)
(15, 1637, 431)
(15, 7358, -969)
(15, 1543, 952)
(15, 3626, 624)
(15, 6484, -1022)
(15, 2440, -904)
(15, 293, 548)
(15, 2638, -789)
(15, 3059, -772)
(15, 1477, -576)
(15, 26, -599)
(15, 789, 64)
(15, 60, -757)
(15, 4182, -783)
(15, 1903, 942)
(15, 2738, 609)
(15, 403, -1013)
(15, 1125, -627)
(15, 7741, -60)
(15, 6371, -775)
(15, 3908, 816)
(15, 1108, -781)
(15, 2786, 460)
(15, 7232, 833)
(15, 4001, -530)
(15, 1842, -910)
(16, 5281, -318)
(16, 3971, 938)
(16, 1745, -764)
(16, 6914, -569)
(16, 3959, -798)
(16, 7601, 776)
(16, 565, -874)
(16, 2282, -128)
(16, 3862, -652)
(16, 2554, -748)
(16, 2865, -861)
(16, 2688, -578)
(16, 3983, 588)
(16, 8332, 826)
(16, 3959, 697)
(16, 2364, -886)
(16, 1026, -826)
(16, 3950, -869)
(16, 3187, -441)
(16, 1565, -983)
(16, 1636, -927)
(16, 2201, -527)
(16, 3113, -607)
(16, 6579, -1018)
(16, 690, -627)
(16, 2633, -657)
(16, 2639, -962)
(16, 2673, -877)
(16, 990, 413)
(16, 1367, -748)
(16, 3592, -949)
(16, 1139, 426)
(16, 3677, -752)
(16, 3669, -552)
(16, 7583, -973)
(16, 6712, 499)
(16, 1825, -720)
(16, 2139, 909)
(16, 5979, -958)
(16, 1910, -685)
(16, 1371, -842)
(16, 3451, -620)
(16, 3743, -950)
(16, 1329, -64)
(16, 4656, -631)
(16, 1156, -642)
(16, 5429, -704)
(16, 3545, -994)
(16, 4430, -565)
(16, 7765, -454)
(16, 4983, -999)
(16, 2291, 958)
(16, 3936, 10)
(16, 1119, -904)
(16, 3232, -1010)
(16, 2230, 554)
(17, 1619, -662)
(17, 1343, -336)
(17, 2501, -792)
(17, 3335, 224)
(17, 6218, -826)
(17, 4443, -1004)
(17, 663, -758)
(17, 3653, -763)
(17, 5830, -599)
(17, 5797, -772)
(17, 7962, -756)
(17, 427, 586)
(17, 4229, 747)
(17, 1844, -547)
(17, 904, -919)
(17, 2781, -811)
(17, 195, -918)
(17, 3271, 874)
(17, 1735, -523)
(17, 2090, -1019)
(17, 514, -888)
(17, 8145, 136)
(17, 2438, -727)
(17, 4660, 93)
(17, 900, 246)
(17, 175, -782)
(17, 5876, 526)
(17, 5217, 539)
(17, 3074, -654)
(17, 1973, 867)
(17, 3075, -528)
(17, 2293, -188)
(17, 3501, -709)
(17, 826, -798)
(17, 385, -753)
(17, 5196, -896)
(17, 7539, -372)
(17, 3419, 711)
(17, 1103, 882)
(17, 1506, -663)
(18, 4098, -129)
(18, 1209, -926)
(18, 2618, -985)
(18, 2639, -822)
(18, 3203, -586)
(18, 94, -851)
(18, 252, 694)
(18, 2178, -841)
(18, 87, 698)
(18, 2459, -402)
(18, 2961, -901)
(18, 347, -458)
(18, 2711, -996)
(18, 2039, -1008)
(18, 3094, -784)
(18, 89, -556)
(18, 1955, 565)
(18, 3857, -644)
(18, 5465, -542)
(18, 3638, -990)
(18, 2854, -900)
(18, 320, -976)
(18, 4126, -53)
(18, 2936, -750)
(18, 2650, -929)
(18, 1522, 882)
(18, 2694, -548)
(18, 1961, -896)
(18, 6102, -868)
(18, 1216, -658)
(18, 5714, -940)
(18, 3156, -443)
(18, 4422, 262)
(18, 7080, 505)
(18, 3408, -677)
(18, 3462, -516)
(18, 696, -479)
(18, 2795, -743)
(18, 1542, -1006)
(18, 2129, -868)
(18, 8192, -643)
(18, 7701, -590)
(18, 4668, -770)
(18, 275, 740)
(18, 6262, -846)
(18, 917, -960)
(18, 62, -759)
(18, 3280, -961)
(18, 908, 617)
(18, 3141, -709)
(18, 1355, 733)
(18, 3049, 359)
(18, 2185, -207)
(18, 2771, 41)
(18, 7412, -803)
(18, 3038, -962)
(18, 4173, -717)
(18, 147, 373)
(18, 6768, -527)
(18, 5145, -616)
(18, 546, -834)
(18, 3981, -536)
(18, 1462, -956)
(18, 6842, 295)
(18, 455, -955)
(18, 3105, -81)
(18, 3796, -332)
(18, 7511, -871)
(18, 3440, -614)
(18, 1407, -923)
(18, 2857, -908)
(18, 4003, 154)
(18, 2364, -1009)
(18, 2643, -851)
(18, 2619, -658)
(18, 4082, -564)
(18, 3118, 257)
(18, 368, -758)
(18, 4325, -688)
(18, 2403, 246)
(18, 797, -798)
(18, 2626, -135)
(18, 3026, -931)
(18, 3118, 977)
(18, 61, -864)
(18, 1179, -153)
(18, 3592, -746)
(18, 1352, -978)
(18, 8367, -819)
(18, 2527, 447)
(18, 3128, -762)
(18, 7250, -940)
(18, 6898, -747)
(18, 4229, -755)
(18, 327, -795)
(18, 1650, -203)
(19, 2182, -725)
(19, 2189, -875)
(19, 5557, 284)
(19, 3738, -537)
(19, 4013, 98)
(19, 4313, 472)
(19, 6144, 244)
(19, 1602, -630)
(19, 2875, -609)
(19, 2705, 441)
(19, 2135, -142)
(19, 3061, -841)
(19, 2158, -692)
(19, 547, 769)
(19, 3809, -777)
(19, 3430, -172)
(19, 5741, 796)
(19, 3438, -627)
(19, 100, -521)
(19, 1670, -767)
(19, 7398, -783)
(19, 1236, 453)
(19, 867, -554)
(19, 2078, -36)
(19, 3328, -542)
(19, 7011, -933)
(19, 3953, 768)
(19, 3883, -987)
(19, 2056, -882)
(19, 2167, -726)
(19, 2136, -589)
(19, 3906, -592)
(19, 441, -408)
(19, 2499, -721)
(19, 1268, -807)
(19, 4166, -1004)
(19, 720, -913)
(19, 2545, -833)
(19, 3389, -871)
(19, 2770, -873)
(19, 689, -290)
(19, 5289, -712)
(19, 1968, -840)
(19, 5631, -563)
(19, 3377, -904)
(19, 2131, -1017)
(19, 4890, 334)
(19, 4327, -796)
(19, 1830, 351)
(19, 4103, 492)
(19, 1185, -1017)
(19, 2086, -867)
(19, 5514, 926)
(19, 2911, 281)
(19, 3299, -976)
(19, 1659, -540)
(19, 7, -451)
(19, 2817, -775)
(19, 3144, 673)
(19, 8143, 347)
(19, 2170, -650)
(19, 1063, -889)
(19, 3523, -773)
(19, 251, -858)
(20, 876, -755)
(20, 252, 843)
(20, 4280, 751)
(20, 1798, -797)
(20, 804, -559)
(20, 2851, -930)
(20, 7603, 230)
(20, 2087, -542)
(20, 2324, -240)
(20, 148, -890)
(20, 2476, -699)
(20, 3356, 371)
(20, 6759, -820)
(20, 273, 600)
(20, 862, -295)
(20, 5332, -616)
(20, 5863, -691)
(20, 3495, -532)
(20, 3848, -872)
(20, 8153, 681)
(20, 8264, -550)
(20, 3313, -29)
(20, 3090, -723)
(20, 493, 467)
(20, 3471, 136)
(20, 3884, -449)
(20, 913, -49)
(20, 7110, -749)
(20, 515, -519)
(20, 53, -5)
(20, 3335, 1016)
(20, 7369, -538)
(20, 1280, -501)
(20, 1432, -226)
(20, 996, -806)
(20, 874, -599)
(20, 3970, -39)
(20, 186, 198)
(20, 3030, -259)
(20, 3936, 619)
(20, 6424, -852)
(20, 6765, -769)
(20, 2100, 523)
(20, 3982, -493)
(20, 3335, -536)
(20, 3848, 151)
(20, 3705, -746)
(20, 2169, -983)
(20, 3111, -647)
(20, 1611, 53)
(20, 4326, -977)
(20, 3875, 463)
(20, 3810, 753)
(20, 911, -622)
(20, 6660, -872)
(20, 8362, -986)
(20, 2400, -724)
(20, 4076, -983)
(20, 6299, -634)
(20, 1052, 512)
(20, 3262, -449)
(20, 2314, 530)
(20, 5917, 938)
(20, 4487, -568)
(20, 1088, -594)
(20, 2861, -564)
(20, 7723, -572)
(20, 1086, -543)
(20, 5519, 523)
(20, 492, -635)
(20, 2503, -700)
(20, 3130, -959)
(20, 92, -574)
(20, 2842, -850)
(20, 1730, -644)
(20, 4463, -251)
(20, 4079, -602)
(20, 1974, -738)
(20, 211, -611)
(20, 2946, -527)
(20, 4279, -473)
(20, 1992, -894)
(20, 4902, -261)
(20, 1684, 994)
(20, 2183, -101)
(20, 3379, -590)
(20, 3278, -844)
(20, 2235, -659)
(20, 1956, 1004)
(20, 1733, -300)
(20, 5462, -792)
(20, 1712, -264)
(20, 262, -745)
(20, 3697, 967)
(20, 3396, -721)
(20, 2143, -551)
(20, 3670, -323)
(20, 7739, -128)
(20, 1571, -550)
(20, 1530, 518)
(20, 5966, -891)
(20, 341, -586)
(20, 2484, -702)
(20, 1201, -650)
(20, 3366, -767)
(20, 3876, -919)
(20, 620, -831)
(20, 6133, -184)
(20, 8429, 133)
(20, 5353, 25)
(20, 3687, 694)
(20, 1140, -908)
(20, 455, -162)
(20, 3911, -644)
(20, 222, -934)
(20, 7793, -533)
(20, 2466, -881)
(20, 414, -1001)
(20, 2957, -415)
(20, 3545, -666)
(20, 2508, -707)
(20, 3995, -735)
(20, 7426, -988)
(20, 5521, -852)
(20, 2003, -583)
(20, 3780, -470)
(20, 5897, -798)
(20, 3930, -726)
(20, 3567, -659)
(20, 172, 722)
(20, 196, 693)
(20, 4933, -574)
(20, 719, -164)
(20, 3975, -984)
(20, 2411, -659)
(20, 7670, -245)
(21, 4229, 296)
(21, 3722, -420)
(21, 194, 117)
(21, 3049, -642)
(21, 4174, -943)
(21, 3168, 528)
(21, 6930, -691)
(21, 900, -763)
(21, 1936, -873)
(21, 2828, -864)
(21, 2807, -707)
(21, 3596, -910)
(21, 2049, -738)
(21, 5763, 1019)
(21, 523, -962)
(21, 2056, -742)
(21, 1547, -931)
(21, 447, 860)
(21, 7116, -780)
(21, 2280, 347)
(21, 1137, -429)
(21, 3554, -916)
(21, 115, 840)
(21, 2988, 498)
(21, 1249, 172)
(21, 2515, -552)
(21, 6850, -609)
(21, 4927, -134)
(21, 8213, -901)
(21, 2904, -769)
(21, 3914, 35)
(21, 2742, -676)
(21, 2764, -684)
(21, 737, -650)
(21, 2170, -621)
(21, 2137, -871)
(21, 1323, -935)
(21, 3122, -657)
(21, 2739, -1015)
(21, 426, -924)
(21, 1006, -979)
(21, 740, 217)
(21, 1325, -642)
(21, 428, 519)
(21, 129, -1010)
(21, 8324, -728)
(21, 2611, -284)
(21, 4187, -504)
(21, 7407, -263)
(21, 1718, -998)
(21, 983, -999)
(21, 3701, -813)
(21, 3454, -779)
(21, 1528, -820)
(22, 2592, -754)
(22, 2930, -133)
(22, 4027, 417)
(22, 2552, 447)
(22, 6396, -138)
(22, 2275, 394)
(22, 3548, 378)
(22, 1182, -549)
(22, 4011, -604)
(22, 3027, -1006)
(22, 855, 779)
(22, 2049, -984)
(22, 2943, -686)
(22, 3202, -737)
(22, 1858, -643)
(22, 509, -982)
(22, 2794, -224)
(22, 2437, -908)
(22, 3, -707)
(22, 4188, -536)
(22, 4176, 378)
(22, 479, -563)
(22, 1067, -751)
(22, 367, 586)
(22, 2639, -756)
(22, 1881, -1002)
(22, 4153, -1004)
(22, 1065, 812)
(22, 2946, -662)
(22, 4119, -695)
(22, 3916, -707)
(22, 5685, -938)
(22, 2357, 498)
(22, 3485, 219)
(22, 2002, -836)
(22, 3655, -6)
(22, 153, -523)
(22, 5154, -1011)
(22, 5552, -527)
(22, 328, -287)
(22, 704, -432)
(22, 2673, -917)
(22, 2496, -954)
(22, 1170, -669)
(22, 3667, -749)
(22, 3623, -992)
(22, 2095, -880)
(22, 2311, -631)
(22, 5224, -764)
(22, 1341, 167)
(22, 2312, -805)
(22, 6850, -632)
(22, 1057, -689)
(22, 2728, -982)
(22, 1470, -490)
(22, 2349, 866)
(22, 3295, -966)
(22, 6305, 400)
(22, 1983, -597)
(22, 2350, -110)
(22, 4113, -982)
(22, 82, -603)
(22, 7005, -831)
(22, 94, -948)
(22, 672, -962)
(22, 1653, -659)
(22, 8244, -970)
(22, 1586, 158)
(22, 363, -611)
(22, 1854, -728)
(22, 992, 545)
(22, 4466, 71)
(22, 6780, -572)
(22, 2504, 750)
(22, 4456, -681)
(22, 673, -529)
(22, 2187, -571)
(22, 1616, -669)
(22, 3446, 814)
(22, 5342, -336)
(22, 8337, -262)
(22, 3645, -150)
(22, 1259, -821)
(22, 3846, -831)
(22, 1341, -928)
(22, 4752, 878)
(22, 3270, -745)
(22, 4204, -609)
(22, 4188, -867)
(22, 4911, 912)
(22, 4143, -155)
(22, 8181, 242)
(22, 69, -925)
(22, 1916, -540)
(22, 677, 284)
(22, 3575, -602)
(22, 1712, -546)
(22, 4679, -829)
(22, 2112, -599)
(22, 3087, -931)
(22, 7244, -953)
(22, 881, -652)
(22, 6550, 512)
(22, 3107, -837)
(22, 1332, 664)
(22, 3315, -599)
(22, 3101, -440)
(22, 3560, -891)
(22, 1816, 773)
(22, 3704, -909)
(22, 1621, -642)
(22, 3812, -121)
(22, 195, -792)
(22, 50, -828)
(22, 938, 61)
(23, 5556, -470)
(23, 1916, 153)
(23, 996, -699)
(23, 3080, -657)
(23, 377, -711)
(23, 1997, 188)
(23, 3454, -855)
(23, 4034, -861)
(23, 2175, -800)
(23, 3661, 60)
(23, 1455, -944)
(23, 3274, -280)
(23, 3416, -689)
(23, 4054, -525)
(23, 7015, 55)
(23, 1498, 807)
(23, 6940, -757)
(23, 1945, -133)
(23, 2295, -563)
(23, 2320, -382)
(23, 7901, 243)
(23, 2858, 89)
(24, 1257, -961)
(24, 7450, -524)
(24, 7668, -806)
(24, 270, 799)
(24, 1864, -782)
(24, 2496, -739)
(24, 144, -116)
(24, 2422, -755)
(24, 1109, -18)
(25, 802, 155)
(25, 1622, 968)
(25, 6824, -664)
(25, 1763, 293)
(25, 1380, -748)
(25, 2432, -754)
(25, 3037, -587)
(25, 3706, -87)
(25, 7242, 821)
(25, 537, -558)
(25, 1305, -673)
(25, 1349, -579)
(25, 2047, 78)
(25, 1054, -984)
(25, 551, -548)
(25, 7, 445)
(25, 7114, 925)
(25, 1157, -929)
(25, 2701, -683)
(25, 2829, -813)
(25, 227, -131)
(25, 5086, -452)
(25, 6575, -546)
(25, 429, 765)
(25, 328, 672)
(25, 1428, -745)
(25, 3180, 803)
(25, 2559, 358)
(25, 2199, -986)
(25, 1983, -890)
(25, 7501, -880)
(25, 2020, -249)
(25, 952, -74)
(25, 304, -672)
(25, 2254, 1014)
(25, 2378, -643)
(25, 1498, -743)
(25, 2220, -449)
(25, 7429, -707)
(25, 3325, 279)
(25, 1660, 920)
(25, 3050, -611)
(25, 1673, -526)
(25, 3304, -872)
(25, 2305, 990)
(25, 7919, 107)
(25, 8143, -838)
(25, 4077, -59)
(25, 5804, -627)
(25, 2527, 193)
(25, 2363, 638)
(25, 1028, -692)
(25, 2340, 478)
(25, 1035, -176)
(25, 4717, -770)
(25, 611, 143)
(25, 4363, 48)
(25, 3802, -564)
(25, 26, 71)
(25, 7501, -780)
(25, 1532, -533)
(25, 1960, -592)
(25, 4298, -1006)
(25, 3212, -950)
(25, 2518, -933)
(25, 858, -762)
(25, 945, -532)
(25, 5433, -14)
(25, 8296, -370)
(25, 749, -892)
(25, 8006, -875)
(25, 543, -946)
(25, 3203, -363)
(25, 1802, -724)
(25, 2603, -861)
(25, 6964, -878)
(25, 6640, 997)
(25, 5347, -627)
(25, 761, 750)
(25, 2930, -508)
(25, 2435, 488)
(25, 466, 149)
(25, 4086, -575)
(25, 8094, -938)
(25, 1345, -845)
(25, 1286, -568)
(25, 1265, -657)
(25, 1998, -600)
(25, 4402, -1001)
(25, 1516, -700)
(25, 3266, -919)
(25, 2391, -695)
(25, 7061, 700)
(25, 4645, -911)
(25, 6362, -869)
(25, 2284, -613)
(25, 5419, -1003)
(25, 2323, -579)
(25, 401, -135)
(25, 1091, -808)
(25, 6138, 190)
(25, 819, -217)
(26, 4113, -1005)
(26, 6450, -794)
(26, 2798, -918)
(26, 2011, -934)
(26, 3459, -140)
(26, 6137, -802)
(26, 2027, -458)
(26, 2775, -178)
(26, 3831, -579)
(26, 3782, -48)
(26, 187, -447)
(26, 323, -646)
(26, 3176, -522)
(26, 1240, 587)
(26, 7894, -728)
(26, 2611, -808)
(26, 1556, -790)
(26, 5189, -391)
(26, 4898, -863)
(26, 2897, 156)
(26, 4961, 825)
(26, 2460, 866)
(26, 5532, -352)
(26, 3927, -544)
(26, 4072, -31)
(26, 262, -805)
(26, 2143, -312)
(26, 1976, -818)
(26, 7827, -677)
(26, 3716, -640)
(26, 2989, 457)
(26, 7661, -991)
(26, 918, -410)
(26, 5361, -739)
(26, 2697, -899)
(26, 4135, -736)
(26, 7823, 385)
(26, 1664, -13)
(26, 1430, -899)
(26, 4086, 717)
(26, 8290, 867)
(26, 1152, -892)
(26, 1918, 1009)
(26, 1480, -791)
(26, 1984, -480)
(26, 192, -832)
(26, 1606, 260)
(26, 1892, -577)
(26, 4499, -515)
(26, 161, -407)
(26, 2218, -875)
(26, 889, -545)
(26, 3911, -769)
(26, 900, -826)
(26, 2347, -422)
(26, 4079, -692)
(26, 7876, -635)
(26, 1411, -627)
(26, 2539, -863)
(26, 1898, -679)
(26, 5820, 372)
(26, 931, -888)
(26, 399, -720)
(26, 4145, -692)
(26, 1352, -883)
(26, 2479, -784)
(26, 68, -786)
(26, 6852, 756)
(26, 4730, 974)
(26, 4437, -836)
(26, 3235, -713)
(26, 3691, -956)
(26, 2588, -681)
(26, 6852, -743)
(26, 4430, -741)
(26, 4341, -951)
(26, 4123, 937)
(26, 8033, -820)
(26, 2292, -37)
(26, 7883, -426)
(26, 6219, -894)
(26, 3389, -757)
(26, 3184, -577)
(26, 3022, -593)
(26, 593, -864)
(26, 1766, -699)
(26, 2238, -633)
(26, 3019, -516)
(26, 1911, -791)
(26, 980, -585)
(26, 3871, 410)
(26, 2796, -906)
(26, 725, -524)
(26, 4777, 545)
(26, 2205, -680)
(26, 2525, -686)
(26, 589, -550)
(26, 2353, -728)
(26, 4611, -926)
(26, 4007, -271)
(26, 1133, -969)
(26, 4289, -800)
(26, 3973, -620)
(26, 6212, -247)
(26, 521, -888)
(26, 3086, -65)
(26, 532, -942)
(26, 2686, 460)
(26, 3823, -578)
(26, 7359, -676)
(26, 5324, 283)
(26, 5314, 656)
(26, 1896, 264)
(27, 6143, 769)
(27, 2051, -222)
(28, 6889, 849)
(28, 2395, -678)
(29, 7421, 473)
(29, 2698, -56)
(29, 3406, -693)
(29, 7535, 914)
(29, 566, -729)
(29, 3475, -903)
(29, 2512, -757)
(29, 2581, 410)
(29, 40, 350)
(29, 2094, -633)
(29, 3526, -929)
(29, 1635, 918)
(29, 2518, -637)
(29, 2243, -600)
(29, 1530, -927)
(29, 5756, -608)
(29, 3045, -630)
(29, 3382, -785)
(29, 666, -839)
(29, 3794, -1002)
(29, 8349, 463)
(29, 4692, -957)
(29, 5203, -566)
(29, 525, -607)
(29, 2604, -189)
(29, 5083, -694)
(29, 3584, 206)
(29, 640, -613)
(29, 3364, -89)
(29, 8021, 114)
(29, 3042, -551)
(29, 2643, -899)
(29, 6662, -21)
(29, 3079, 177)
(29, 490, -416)
(29, 4970, 868)
(29, 4556, -781)
(29, 7833, 243)
(29, 2711, -784)
(29, 3165, -520)
(29, 2213, -899)
(29, 3814, 246)
(29, 4089, 356)
(29, 650, -939)
(29, 268, -806)
(29, 2165, -734)
(29, 3210, 726)
(29, 479, -668)
(29, 798, -841)
(29, 4750, -771)
(29, 1292, -985)
(29, 28, -857)
(29, 4424, -670)
(29, 775, -572)
(29, 752, 406)
(29, 576, 530)
(29, 3757, 916)
(29, 4069, -43)
(29, 6565, -633)
(29, 1133, 791)
(29, 2668, 214)
(29, 936, -728)
(29, 5530, -995)
(29, 3693, -1003)
(29, 3621, -689)
(29, 897, -830)
(29, 3903, -593)
(29, 3052, 890)
(29, 1252, -821)
(29, 1614, -525)
(29, 5011, -767)
(29, 1250, -590)
(29, 1822, -975)
(29, 3502, 288)
(29, 2990, -606)
(29, 3716, 369)
(29, 7648, 457)
(29, 3006, -720)
(29, 6739, 642)
(29, 2781, -919)
(29, 1898, -783)
(29, 3838, -819)
(29, 3849, 121)
(29, 3997, 996)
(29, 192, -902)
(30, 3549, -821)
(30, 7331, -586)
(30, 5465, 1015)
(30, 2372, 529)
(30, 2895, -704)
(30, 2755, 884)
(30, 2274, 843)
(30, 3003, -744)
(30, 1046, -612)
(30, 1644, -752)
(30, 1225, -999)
(30, 2242, -963)
(30, 4033, -503)
(30, 67, 401)
(30, 8278, -1006)
(30, 3706, -692)
(30, 2500, -592)
(30, 7786, 84)
(30, 4845, -566)
(30, 3550, -936)
(30, 2490, -50)
(30, 2749, -854)
(30, 2787, -673)
(30, 6676, -850)
(30, 1850, -849)
(30, 3781, -624)
(30, 7776, -757)
(30, 7459, -579)
(30, 4578, -706)
(30, 3544, -873)
(30, 2726, -527)
(30, 3807, -858)
(30, 7856, -612)
(30, 3373, -990)
(30, 1856, -963)
(30, 2421, -779)
(30, 5795, 569)
(30, 2762, -597)
(30, 596, -699)
(30, 3651, -934)
(30, 5416, 884)
(31, 3085, -782)
(31, 901, 607)
(31, 4169, 252)
(31, 6968, -894)
(31, 4196, -520)
(31, 7057, -514)
(31, 3346, -839)
(31, 146, -703)
(31, 4885, -887)
(31, 891, -689)
(31, 4552, 856)
(31, 7799, 94)
(31, 3502, -152)
(31, 4670, -917)
(31, 2306, -775)
(31, 2509, -675)
(31, 2463, -816)
(31, 8288, -1009)
(31, 5713, -928)
(31, 4478, -707)
(31, 3876, -215)
(31, 2772, -559)
(31, 5167, -727)
(31, 1141, 472)
(31, 4740, -19)
(31, 1039, -589)
(31, 8399, -892)
(31, 5518, -825)
(31, 4763, -962)
(31, 2603, -930)
(31, 1525, -517)
(31, 1910, -649)
(31, 8161, -702)
(31, 432, -544)
(31, 1434, 475)
(31, 5113, -618)
(31, 6540, -373)
(31, 986, -588)
(31, 673, -374)
(31, 1164, 74)
(31, 2013, -738)
(31, 1247, 809)
(31, 6020, 343)
(31, 4059, 977)
(31, 1420, 779)
(31, 7642, -542)
(31, 887, -780)
(32, 3929, -879)
(32, 3057, -713)
(32, 5598, 821)
(32, 2739, 712)
(32, 862, 312)
(32, 710, -807)
(32, 3080, 748)
(32, 2036, -579)
(32, 5868, -585)
(32, 696, 85)
(32, 4153, 64)
(32, 2172, -902)
(32, 2331, -844)
(32, 1464, -898)
(32, 243, -943)
(32, 7508, 643)
(32, 57, -692)
(32, 3333, 791)
(32, 2902, 881)
(32, 2431, -979)
(32, 2505, -716)
(32, 669, -809)
(32, 971, -795)
(32, 7311, 122)
(32, 1025, -936)
(32, 7921, -947)
(32, 3386, -413)
(32, 1363, -671)
(32, 6294, -979)
(32, 3157, -686)
(32, 4916, -953)
(32, 1768, -841)
(32, 1507, -693)
(32, 7255, -659)
(32, 7043, -507)
(32, 6415, -819)
(32, 4228, -676)
(32, 163, -958)
(32, 2922, 807)
(32, 140, -512)
(32, 8311, -920)
(32, 72, -908)
(32, 555, -538)
(32, 8021, -887)
(32, 1810, -643)
(32, 7083, -966)
(32, 3393, -630)
(32, 1490, -592)
(32, 461, -444)
(32, 7607, -947)
(32, 4674, -990)
(32, 1441, -660)
(32, 1916, 721)
(32, 4059, -919)
(32, 367, -971)
(32, 5905, -602)
(32, 3155, -1013)
(33, 3514, -916)
(33, 1325, -765)
(33, 3056, -953)
(33, 3671, -875)
(33, 7708, -964)
(33, 537, -655)
(33, 5746, -74)
(33, 6857, 625)
(33, 3711, -589)
(33, 1364, -854)
(33, 4500, -812)
(33, 1016, -856)
(33, 3548, 410)
(33, 612, 747)
(33, 697, -924)
(33, 980, -807)
(33, 1930, -764)
(33, 3340, 149)
(33, 8365, -838)
(33, 8281, -705)
(33, 1297, -308)
(33, 3292, 88)
(34, 4507, 939)
(34, 4969, -747)
(34, 2334, 303)
(34, 2934, -820)
(34, 4218, -935)
(34, 939, -626)
(34, 930, 743)
(34, 2601, 136)
(34, 2677, -948)
(34, 6245, 990)
(34, 2699, -1017)
(34, 3646, -797)
(34, 2996, -581)
(34, 3323, 743)
(34, 3274, -658)
(34, 4903, -391)
(34, 3146, -838)
(34, 2171, -905)
(34, 6439, -760)
(34, 1496, -622)
(34, 2856, -643)
(34, 1567, -984)
(34, 1239, -751)
(34, 1321, -954)
(34, 4068, -678)
(34, 2486, 656)
(34, 3474, -564)
(34, 4975, -530)
(34, 7812, -20)
(34, 4431, -840)
(34, 2540, -631)
(34, 7918, -1011)
(34, 2687, -715)
(34, 3886, 212)
(34, 2996, -513)
(34, 1828, -207)
(34, 3592, -334)
(34, 1527, -1020)
(34, 3091, -602)
(34, 3580, -660)
(34, 7464, 330)
(34, 4918, -950)
(34, 1742, -921)
(34, 5207, -616)
(34, 1023, -755)
(34, 3159, -617)
(34, 183, -633)
(34, 6238, 472)
(34, 2654, -812)
(34, 1964, -536)
(34, 6856, -960)
(34, 39, -734)
(34, 8194, -523)
(34, 2585, 293)
(34, 2032, 812)
(34, 4148, -580)
(34, 2350, -636)
(34, 3582, -538)
(34, 1440, 864)
(34, 2715, -546)
(34, 897, -890)
(34, 5850, -772)
(34, 3861, -676)
(34, 7645, -662)
(34, 7798, -1011)
(34, 6942, -797)
(34, 3359, -715)
(34, 341, -933)
(34, 1628, -520)
(34, 1396, -664)
(34, 6325, -961)
(34, 826, -520)
(34, 1206, -814)
(34, 3367, -1023)
(34, 637, -734)
(34, 1565, -678)
(34, 718, -928)
(34, 3687, -754)
(34, 7988, -775)
(34, 1044, 589)
(34, 2408, 27)
(34, 2049, -982)
(34, 571, -252)
(34, 879, -873)
(34, 2761, -537)
(34, 3370, -876)
(34, 2242, 199)
(34, 331, -831)
(34, 2642, 667)
(34, 3434, -997)
(35, 2776, 570)
(35, 2795, 108)
(35, 2221, -958)
(35, 4140, 869)
(35, 5851, -737)
(35, 4179, 832)
(35, 3962, -837)
(35, 2361, -521)
(35, 8161, 545)
(35, 1488, -562)
(35, 3524, -922)
(35, 1131, -40)
(35, 6577, -578)
(35, 3962, -690)
(35, 1957, -390)
(35, 1164, -859)
(35, 2989, -131)
(35, 3113, -823)
(35, 881, 320)
(35, 1619, 693)
(35, 1063, -592)
(35, 378, -417)
(35, 488, -928)
(35, 4018, -943)
(35, 2020, -921)
(35, 3238, -647)
(35, 632, -892)
(35, 1082, -619)
(35, 1558, -621)
(35, 4725, -975)
(35, 3381, -978)
(35, 903, -693)
(35, 6976, -809)
(35, 4240, -743)
(35, 3456, -780)
(35, 7900, 283)
(35, 520, -579)
(35, 2122, 713)
(35, 168, -465)
(35, 593, 761)
(35, 140, 654)
(35, 8085, -733)
(35, 3267, -766)
(35, 3761, -379)
(35, 1788, -852)
(35, 6198, -548)
(35, 3753, 430)
(35, 2559, -785)
(35, 455, -938)
(35, 3896, -1005)
(35, 588, -807)
(35, 683, -90)
(35, 649, 360)
(35, 3163, -672)
(35, 1840, -386)
(35, 690, -926)
(35, 1088, -631)
(35, 7794, 840)
(35, 4939, -419)
(35, 2011, 679)
(35, 3902, -426)
(35, 5039, -984)
(35, 335, -974)
(35, 4194, -969)
(35, 3051, -946)
(35, 3291, 304)
(35, 7117, -551)
(35, 703, -689)
(35, 400, -520)
(35, 1922, -725)
(35, 1260, -947)
(35, 2348, -644)
(35, 1004, -193)
(35, 2782, -984)
(35, 2179, -20)
(35, 3145, 872)
(35, 2108, -694)
(35, 4466, -940)
(35, 303, -1009)
(35, 2266, -519)
(35, 1680, -638)
(35, 3636, -929)
(35, 2896, -693)
(35, 4782, 657)
(35, 4347, 687)
(35, 2866, -813)
(35, 5995, -678)
(37, 2419, 684)
(37, 3427, -918)
(37, 2361, -260)
(37, 3137, -879)
(37, 972, -718)
(37, 2990, -955)
(37, 1549, -835)
(37, 8271, 461)
(37, 1387, -217)
(37, 999, 870)
(37, 426, -903)
(37, 290, -22)
(37, 2923, 381)
(37, 3294, 711)
(37, 382, -779)
(37, 4040, -770)
(37, 966, 250)
(37, 4285, 882)
(37, 825, -915)
(37, 1534, -613)
(37, 3237, -880)
(37, 2177, 456)
(37, 3837, -808)
(37, 1446, 590)
(37, 7920, -889)
(37, 46, -653)
(37, 84, -581)
(37, 2816, -680)
(37, 5154, 623)
(37, 304, -732)
(37, 3251, -853)
(37, 305, -889)
(37, 5672, -821)
(37, 779, 762)
(37, 4887, -607)
(37, 2262, -922)
(37, 2500, -623)
(37, 663, -321)
(37, 8113, -854)
(37, 256, -925)
(37, 5451, -710)
(38, 1888, -956)
(38, 3711, -774)
(38, 6674, -733)
(38, 3283, -923)
(38, 7784, -823)
(38, 3777, -772)
(38, 2174, 574)
(38, 328, -339)
(38, 579, -533)
(38, 2541, -589)
(38, 5057, -556)
(38, 39, -631)
(38, 3508, -1016)
(38, 6586, -670)
(38, 4763, 275)
(38, 1269, -226)
(38, 1429, -910)
(38, 1305, -900)
(38, 1287, -1022)
(38, 774, -524)
(38, 1353, -651)
(38, 839, -929)
(38, 2924, -954)
(38, 7982, 60)
(38, 168, 683)
(38, 1368, -449)
(38, 3487, -701)
(38, 2138, -520)
(38, 4858, -934)
(38, 7886, -241)
(38, 2654, 232)
(38, 2762, -904)
(38, 2694, 719)
(38, 4331, -990)
(38, 4411, -925)
(38, 6285, -512)
(38, 3124, -562)
(38, 3163, -471)
(38, 6606, -874)
(38, 8255, -722)
(38, 1300, -979)
(38, 1573, -902)
(38, 4443, -1009)
(38, 5727, -743)
(38, 6149, -762)
(38, 3039, -808)
(38, 1567, -1015)
(38, 8104, 808)
(38, 2432, 638)
(38, 1386, -692)
(38, 3338, -892)
(38, 2972, 101)
(38, 848, -955)
(38, 3300, -949)
(38, 1350, -286)
(38, 7865, -906)
(38, 3462, 904)
(38, 613, -928)
(38, 4394, -815)
(38, 2106, -645)
(38, 5812, -797)
(38, 1964, -672)
(38, 7089, 535)
(38, 65, -833)
(38, 5092, -801)
(38, 3817, -875)
(38, 4396, -842)
(38, 6790, -825)
(38, 4138, -1007)
(38, 1628, -526)
(38, 1385, -548)
(38, 6220, 112)
(38, 2243, -91)
(38, 3942, -952)
(38, 343, 839)
(38, 8146, -634)
(38, 3706, -403)
(38, 2889, -695)
(38, 8060, -46)
(38, 268, -831)
(38, 517, -780)
(38, 877, -592)
(38, 3989, -916)
(38, 2467, 513)
(38, 15, -540)
(38, 6648, 244)
(38, 805, -739)
(38, 3373, -570)
(38, 4969, -604)
(38, 6594, -391)
(38, 7084, -880)
(38, 3410, -909)
(38, 3982, 516)
(38, 1813, 330)
(38, 3326, 635)
(38, 4889, 769)
(38, 8016, -808)
(38, 3357, 522)
(38, 2034, -932)
(38, 2975, -924)
(38, 5256, -762)
(38, 5126, -762)
(38, 8229, -763)
(38, 1872, -711)
(38, 52, -960)
(38, 3013, -956)
(38, 1112, 24)
(38, 3530, -523)
(38, 5245, -914)
(38, 3670, -609)
(38, 537, -587)
(38, 2197, -685)
(38, 2120, 622)
(38, 3277, -753)
(38, 618, -899)
(38, 718, -873)
(38, 1062, -31)
(38, 3347, -742)
(38, 4882, 304)
(38, 4189, -986)
(38, 1851, 9)
(38, 1059, -771)
(38, 2285, 629)
(38, 3888, -993)
(38, 2028, -815)
(38, 7038, -575)
(38, 7136, -642)
(38, 1783, 851)
(38, 7542, -903)
(38, 1688, -536)
(38, 4140, -573)
(38, 4396, -402)
(38, 1492, -942)
(38, 7242, -944)
(38, 4923, -805)
(38, 2304, -1004)
(38, 2307, -532)
(38, 4213, 399)
(38, 448, -278)
(38, 6453, -715)
(38, 2347, -1005)
(38, 6209, 173)
(38, 904, -609)
(38, 1470, -1010)
(38, 1140, -636)
(38, 7863, -724)
(38, 2485, 607)
(38, 3858, -635)
(38, 2685, -902)
(38, 3534, -808)
(38, 4816, -555)
(38, 1595, -847)
(38, 1585, -989)
(38, 4998, -986)
(38, 6159, -74)
(38, 2810, -808)
(38, 4039, 480)
(38, 901, -653)
(38, 2456, -884)
(38, 3246, 117)
(38, 4133, 317)
(38, 3155, 921)
(38, 6880, -528)
(38, 3045, -370)
(38, 3838, -94)
(38, 1977, 763)
(38, 7137, -744)
(38, 7429, 933)
(38, 1558, -255)
(38, 1780, -925)
(38, 4055, -622)
(38, 1583, -837)
(38, 4114, -662)
(38, 3477, -591)
(38, 3896, -986)
(38, 3685, 23)
(38, 308, 933)
(38, 2438, -987)
(38, 4298, -396)
(38, 4081, -602)
(38, 3711, 977)
(38, 121, -475)
(38, 6729, -591)
(38, 4382, -45)
(38, 4301, -897)
(38, 1591, -1004)
(38, 1198, -924)
(38, 476, 70)
(38, 697, -691)
(38, 7882, 1001)
(38, 2294, 495)
(38, 1146, -875)
(38, 2657, -832)
(38, 1452, 738)
(38, 4072, -19)
(38, 818, -930)
(38, 256, -851)
(38, 1559, -799)
(38, 6091, 997)
(38, 3004, -579)
(39, 6355, -988)
(39, 1769, -529)
(39, 4878, -537)
(39, 2872, -945)
(39, 2040, -798)
(39, 6298, -833)
(39, 8427, -850)
(39, 8116, -777)
(39, 2922, 438)
(39, 5187, -640)
(39, 1754, -442)
(39, 1189, 656)
(39, 1886, -184)
(39, 2528, -746)
(39, 3198, -958)
(39, 5232, -819)
(39, 3105, 475)
(39, 2864, -608)
(39, 2911, -229)
(39, 495, -799)
(39, 730, -567)
(39, 7048, -649)
(39, 3022, 424)
(39, 4069, -612)
(39, 4593, -874)
(39, 4614, -698)
(39, 2487, -629)
(39, 1599, -941)
(39, 6910, -853)
(39, 3564, -1008)
(39, 4217, -869)
(39, 967, -758)
(39, 6366, -438)
(39, 1748, 99)
(39, 2405, -730)
(39, 4470, -814)
(39, 2088, -822)
(39, 2742, 360)
(39, 3498, 777)
(40, 3312, -921)
(40, 2132, -803)
(40, 1719, -943)
(40, 137, -955)
(40, 517, -848)
(40, 3147, -861)
(40, 4895, 822)
(40, 486, -826)
(40, 5613, -581)
(40, 2504, -554)
(40, 3315, -848)
(40, 3733, -755)
(40, 6236, 695)
(40, 4535, 127)
(40, 7192, -785)
(40, 2903, -966)
(40, 468, -612)
(40, 5738, 177)
(40, 249, 145)
(40, 3347, 446)
(40, 5044, -528)
(40, 3557, -965)
(40, 3300, 843)
(40, 2292, -627)
(40, 1475, 447)
(40, 7768, -419)
(40, 7665, -351)
(40, 3206, 208)
(40, 7642, -1007)
(40, 1521, -1006)
(40, 8421, 981)
(40, 1455, -861)
(40, 3189, 613)
(40, 1827, -882)
(40, 2469, 268)
(40, 4116, 435)
(40, 1189, -756)
(40, 64, -578)
(40, 650, -521)
(41, 2520, -702)
(41, 3452, -968)
(41, 3328, 269)
(41, 2111, -761)
(41, 7490, -195)
(41, 1362, -533)
(41, 2791, -862)
(41, 748, 348)
(41, 2795, -720)
(41, 3791, -940)
(41, 3283, -970)
(41, 995, -909)
(41, 2955, -518)
(41, 2321, 18)
(41, 2795, -930)
(41, 697, 290)
(41, 1080, 472)
(41, 2069, -607)
(41, 4148, -956)
(41, 2602, 495)
(41, 393, -835)
(41, 1385, -884)
(41, 2070, -498)
(41, 412, -716)
(41, 2089, -695)
(41, 5358, -917)
(41, 1170, -894)
(41, 7656, -425)
(41, 7308, -628)
(41, 7714, -836)
(41, 5617, 354)
(41, 2865, 709)
(41, 6301, -533)
(41, 4204, 793)
(41, 2479, 447)
(41, 7004, -641)
(41, 5261, -657)
(41, 2169, 310)
(41, 1410, 969)
(41, 668, -670)
(41, 857, -641)
(41, 6193, -971)
(41, 1368, -541)
(41, 2479, -848)
(41, 5561, -800)
(41, 4081, -724)
(41, 4200, -836)
(41, 1415, -530)
(41, 528, -514)
(41, 7023, -540)
(41, 6147, -699)
(41, 2136, -1003)
(41, 2564, -737)
(41, 745, -612)
(41, 2905, 950)
(41, 3391, 384)
(41, 592, -686)
(41, 3138, -634)
(41, 2624, -480)
(41, 1711, -64)
(41, 896, -619)
(41, 2536, 550)
(41, 249, 951)
(41, 3757, -647)
(41, 8253, -15)
(41, 1483, -797)
(41, 3290, 1000)
(41, 7750, -747)
(41, 2199, -660)
(41, 510, -967)
(41, 3322, -718)
(41, 1253, -925)
(41, 602, -917)
(41, 1924, -561)
(41, 2039, -681)
(41, 693, 563)
(41, 2677, -684)
(41, 1239, -392)
(41, 7401, -865)
(41, 942, 545)
(41, 2111, -1001)
(41, 7137, -596)
(41, 1705, -541)
(41, 3774, -812)
(41, 1360, -531)
(41, 7145, -864)
(41, 2774, -716)
(41, 7995, 285)
(41, 6749, -998)
(41, 80, -583)
(41, 185, -529)
(41, 1499, -715)
(41, 1422, -779)
(41, 7162, -983)
(41, 1612, 26)
(41, 1627, -296)
(41, 999, 706)
(41, 352, 919)
(41, 1334, -732)
(41, 3781, -734)
(41, 567, 176)
(41, 1159, -745)
(41, 5532, -585)
(41, 4578, -911)
(41, 985, 658)
(41, 7338, -807)
(41, 2161, -611)
(41, 5113, -712)
(41, 2001, -589)
(41, 1329, -649)
(41, 738, -746)
(41, 684, -960)
(41, 5950, 967)
(41, 1846, -527)
(41, 3341, -866)
(41, 6038, -1023)
(41, 615, -641)
(41, 4642, -512)
(41, 3338, -802)
(41, 2460, -981)
(41, 5692, 655)
(41, 6865, -611)
(41, 3248, 299)
(41, 2705, -517)
(41, 3420, -574)
(41, 6673, -289)
(41, 3935, 169)
(41, 1979, -720)
(41, 3061, -594)
(41, 4365, -935)
(41, 5041, -579)
(41, 2206, -693)
(41, 1587, -200)
(41, 704, 689)
(41, 5829, -730)
(41, 3290, -859)
(41, 7863, -965)
(41, 6262, -217)
(41, 331, -232)
(41, 1360, -55)
(41, 780, -897)
(41, 1543, -642)
(41, 2607, -622)
(41, 7009, 991)
(41, 7395, -809)
(42, 8092, -780)
(42, 542, 833)
(42, 7424, -984)
(42, 4201, 92)
(42, 2256, -895)
(42, 8145, -13)
(43, 1246, -887)
(43, 2911, 891)
(43, 5863, 39)
(43, 2648, -789)
(43, 657, 81)
(43, 2688, -465)
(43, 2352, 151)
(43, 3041, 676)
(43, 987, -579)
(43, 5053, 941)
(43, 5666, -173)
(43, 5157, -611)
(43, 3353, -942)
(43, 2621, 938)
(43, 418, 211)
(43, 3620, -965)
(43, 2773, -776)
(43, 7072, 145)
(43, 2516, 796)
(43, 4832, 53)
(43, 3794, 458)
(43, 1900, -672)
(43, 1615, 381)
(43, 5375, -709)
(43, 5418, -1021)
(43, 7254, 206)
(43, 1966, -642)
(43, 2956, -714)
(43, 2118, 907)
(43, 973, -550)
(43, 1796, -528)
(43, 2481, -605)
(43, 1602, -309)
(43, 2652, -808)
(43, 6575, -555)
(43, 831, -731)
(43, 6389, -982)
(43, 120, -978)
(43, 2834, -934)
(43, 1253, -53)
(43, 5610, -531)
(43, 3789, -561)
(43, 6546, -554)
(43, 7351, 783)
(43, 556, 832)
(43, 158, 428)
(43, 446, -550)
(43, 3723, -961)
(43, 582, 133)
(43, 7759, -807)
(43, 678, -484)
(43, 5364, -1001)
(43, 4010, -602)
(43, 3783, -725)
(43, 3741, -739)
(43, 564, -532)
(43, 7563, -797)
(43, 3389, -778)
(43, 6761, -797)
(43, 1364, 536)
(43, 4460, 563)
(43, 346, -777)
(43, 3955, -34)
(43, 4489, -582)
(43, 3622, -688)
(43, 3287, -767)
(43, 7870, -945)
(43, 5414, 563)
(43, 8112, 598)
(43, 1292, -268)
(43, 5634, 816)
(43, 6917, -85)
(43, 256, -968)
(43, 1878, 913)
(43, 3854, -670)
(43, 2206, -1021)
(43, 5360, -933)
(43, 5827, -180)
(43, 3692, -60)
(43, 3487, -674)
(43, 2753, -852)
(43, 5508, -579)
(43, 1032, -992)
(43, 2601, -1005)
(43, 7877, -539)
(43, 2323, -722)
(43, 7699, -1018)
(43, 6109, -963)
(43, 3931, 450)
(43, 3225, -964)
(43, 2224, -575)
(43, 6497, -848)
(43, 2955, -680)
(43, 4536, -905)
(43, 2729, 115)
(43, 1210, -930)
(43, 2799, -566)
(43, 786, -747)
(44, 1075, -1006)
(44, 7349, -550)
(44, 1328, -709)
(44, 7453, -651)
(44, 6130, -905)
(44, 7232, -769)
(44, 6363, -770)
(44, 2510, -611)
(44, 1395, -594)
(44, 1419, -563)
(44, 1750, -546)
(44, 1082, -981)
(44, 1018, -986)
(44, 1486, -191)
(44, 4425, 109)
(44, 5841, -903)
(44, 3201, -549)
(44, 2685, -641)
(44, 1077, 867)
(44, 1892, 710)
(44, 3007, -269)
(44, 2441, -751)
(44, 7211, 907)
(44, 3502, -444)
(44, 2127, -599)
(44, 916, 376)
(44, 3860, -691)
(44, 3472, 258)
(44, 2833, -902)
(44, 2683, -730)
(44, 1284, 760)
(44, 5388, 1009)
(44, 2536, 329)
(44, 2780, -632)
(44, 3459, -731)
(44, 6725, -913)
(44, 3804, -732)
(44, 948, -761)
(44, 915, 489)
(45, 141, -713)
(45, 7174, -471)
(45, 4172, -737)
(45, 8431, -580)
(45, 5375, 206)
(45, 2249, -1009)
(45, 2526, 56)
(45, 33, -953)
(45, 1351, -868)
(45, 451, -990)
(45, 3098, -355)
(45, 6745, 853)
(45, 6170, -662)
(45, 1128, -91)
(45, 523, 26)
(45, 1697, -892)
(45, 7376, -752)
(45, 821, -857)
(45, 2403, -898)
(45, 2315, -185)
(45, 2219, -996)
(45, 811, 119)
(45, 3630, -721)
(45, 805, -892)
(45, 1901, -613)
(45, 510, -816)
(45, 655, 304)
(45, 1030, 67)
(45, 813, 787)
(45, 6664, 858)
(45, 239, -866)
(45, 8099, -659)
(45, 3791, 662)
(45, 3693, -589)
(45, 1574, -647)
(45, 2507, -13)
(45, 3192, -816)
(45, 2924, 153)
(45, 1798, -939)
(45, 6913, -710)
(45, 3800, -918)
(45, 1068, 97)
(45, 255, 400)
(45, 3051, -881)
(45, 306, 638)
(45, 279, -879)
(45, 1721, 556)
(45, 3840, -889)
(45, 925, 505)
(45, 7040, -607)
(45, 5618, -871)
(45, 319, -854)
(45, 393, -788)
(45, 2929, 314)
(45, 146, -994)
(45, 4150, -902)
(45, 3030, -917)
(45, 3151, -181)
(45, 4746, -576)
(45, 3811, -581)
(45, 6783, -696)
(45, 2995, 332)
(45, 3785, -667)
(45, 6422, 587)
(45, 6977, 383)
(45, 989, -533)
(45, 985, 410)
(45, 1457, -647)
(45, 2774, 786)
(45, 4144, -711)
(45, 48, -571)
(45, 5965, -137)
(45, 2079, 969)
(45, 3147, -780)
(45, 357, -169)
(46, 3327, -797)
(46, 1483, -886)
(46, 2175, 193)
(46, 2207, -665)
(46, 12, -604)
(46, 4234, -991)
(46, 3697, -330)
(46, 1402, -359)
(46, 2872, -664)
(46, 277, -761)
(46, 7688, -899)
(46, 865, -869)
(46, 5067, 405)
(46, 2768, -915)
(46, 73, 393)
(46, 721, -856)
(46, 2238, 456)
(46, 2125, -323)
(46, 3828, -979)
(46, 5334, -659)
(46, 4071, -981)
(46, 526, -583)
(46, 3182, -956)
(46, 848, -949)
(46, 6597, -757)
(46, 1689, 410)
(46, 3606, -589)
(46, 201, -929)
(46, 1818, -681)
(46, 474, -884)
(46, 5338, -964)
(46, 5208, -844)
(46, 5118, -599)
(46, 1251, -892)
(46, 571, 394)
(46, 352, -871)
(46, 2206, -712)
(46, 3760, -95)
(46, 7569, -82)
(46, 2513, 758)
(46, 4271, -964)
(46, 4139, -795)
(46, 529, 738)
(46, 6389, -854)
(46, 1459, -602)
(46, 4209, -721)
(46, 4029, -185)
(46, 2474, -860)
(46, 6049, -973)
(46, 3413, -836)
(46, 4014, -97)
(46, 2627, -96)
(46, 1237, 6)
(46, 1601, 879)
(46, 2572, -647)
(46, 2393, -1009)
(46, 4178, -667)
(46, 7159, -851)
(46, 1005, 487)
(46, 2750, -493)
(46, 1348, -430)
(46, 7692, -916)
(46, 2656, -619)
(46, 1414, -699)
(46, 479, 979)
(46, 548, -724)
(46, 2963, -502)
(46, 2148, -852)
(46, 7741, -1019)
(46, 5737, -717)
(46, 318, -848)
(46, 4090, -972)
(46, 1925, -547)
(46, 5829, -925)
(46, 680, 548)
(46, 2808, -668)
(46, 2525, -923)
(46, 542, -934)
(46, 1967, -934)
(46, 1221, -615)
(46, 2694, -868)
(46, 1864, 816)
(46, 14, -652)
(46, 1480, -763)
(46, 5360, 612)
(46, 6976, -725)
(46, 1424, -974)
(46, 1898, 620)
(46, 3895, -997)
(46, 1780, -640)
(46, 5206, -618)
(46, 208, -946)
(47, 2744, -890)
(47, 2930, -951)
(47, 1942, -530)
(47, 651, -819)
(47, 798, -616)
(47, 915, 455)
(47, 3907, -870)
(47, 2941, -368)
(47, 824, -575)
(47, 4822, -1018)
(47, 440, -636)
(47, 4069, 647)
(47, 6310, -514)
(47, 1001, -534)
(47, 33, 969)
(47, 1364, -573)
(47, 6264, -891)
(47, 1848, -847)
(47, 591, -508)
(47, 6648, -606)
(47, 4761, -1013)
(47, 214, -952)
(47, 2732, -950)
(47, 3346, -552)
(47, 3834, -857)
(47, 5269, -760)
(47, 7469, -1018)
(47, 2877, -833)
(47, 6080, -996)
(47, 2709, -810)
(48, 2547, -853)
(48, 2392, -851)
(48, 2946, -734)
(48, 3355, -392)
(48, 7905, -1010)
(48, 2055, 44)
(48, 2505, -502)
(48, 7406, -973)
(48, 2397, -543)
(48, 2199, 165)
(48, 115, 485)
(48, 6750, -683)
(49, 3699, 2)
(49, 20, -950)
(49, 2574, 14)
(49, 3879, -795)
(49, 4008, -670)
(49, 1149, -675)
(49, 2036, -809)
(49, 744, -596)
(49, 2594, 577)
(49, 4173, -700)
(49, 4051, -850)
(49, 5725, -907)
(49, 3478, -460)
(50, 6216, -846)
(50, 1878, -511)
(50, 2751, -868)
(50, 3873, -249)
(50, 2824, -589)
(50, 6687, -809)
(50, 202, -751)
(50, 4708, 69)
(50, 1553, -996)
(50, 2450, -468)
(50, 545, -677)
(50, 3501, -944)
(50, 2906, -615)
(50, 2624, -157)
(50, 1713, 190)
(50, 1731, 78)
(50, 2553, -910)
(50, 1628, -906)
(50, 2046, -415)
(50, 3077, -1012)
(50, 3258, -732)
(50, 3702, -554)
(50, 3462, -77)
(50, 619, 899)
(50, 961, -795)
(50, 650, -816)
(50, 4713, -603)
(50, 3755, -529)
(50, 1794, -1023)
(50, 6509, 472)
(50, 7238, -729)
(50, 2986, 361)
(50, 3846, -824)
(50, 3675, 211)
(50, 1290, -606)
(50, 3043, -537)
(50, 3878, 679)
(50, 1920, -939)
(50, 1214, 411)
(50, 4302, -993)
(50, 1564, -731)
(50, 527, -707)
(50, 4954, -544)
(50, 1798, 65)
(50, 1488, 645)
(50, 4727, -822)
(50, 2495, -832)
(50, 1366, 612)
(50, 5730, -613)
(50, 3758, 478)
(50, 2930, 157)
(50, 3794, -823)
(50, 3196, -665)
(51, 704, -749)
(51, 3213, -649)
(51, 597, 338)
(51, 4037, -70)
(51, 798, -66)
(51, 2145, 372)
(51, 2579, -355)
(51, 1262, -517)
(51, 4829, -359)
(51, 7287, 872)
(51, 540, 906)
(51, 4000, -1023)
(51, 2716, 688)
(51, 3450, 950)
(51, 7793, -831)
(51, 3496, -687)
(51, 3664, -782)
(51, 2570, -900)
(51, 4178, -634)
(51, 2914, 149)
(51, 1643, -122)
(51, 2276, 779)
(51, 5797, -889)
(51, 3737, -154)
(51, 5090, -568)
(51, 3384, -550)
(51, 4982, -484)
(51, 2026, 624)
(51, 6906, 819)
(51, 2028, -989)
(51, 8200, 467)
(51, 1225, -763)
(51, 205, -844)
(51, 7283, -878)
(51, 4043, -583)
(51, 16, -693)
(51, 608, -886)
(51, 3839, -899)
(51, 4336, 251)
(51, 858, -233)
(51, 1963, -501)
(51, 7290, 459)
(51, 3972, -717)
(51, 633, -679)
(51, 2163, 279)
(51, 1320, -937)
(51, 3585, -745)
(51, 71, -643)
(51, 8201, -752)
(51, 1463, -739)
(51, 3816, 410)
(51, 6205, -672)
(51, 3210, 816)
(51, 7138, -524)
(51, 1816, -888)
(51, 1787, -658)
(51, 1564, 183)
(51, 2129, -673)
(51, 6490, -985)
(51, 2775, -937)
(51, 1455, -263)
(51, 2563, -897)
(51, 4141, -842)
(51, 2852, 809)
(51, 3005, -565)
(51, 1036, -1008)
(51, 748, -701)
(51, 3141, -213)
(51, 1480, -565)
(51, 294, 71)
(51, 845, -543)
(51, 4202, 137)
(51, 2208, -990)
(51, 893, -909)
(51, 2049, -827)
(51, 2602, -771)
(51, 2211, -155)
(51, 619, -1013)
(51, 2561, -208)
(51, 952, -920)
(51, 1749, -327)
(51, 437, -968)
(51, 76, -960)
(51, 774, -588)
(51, 4662, 1005)
(51, 2548, -784)
(51, 5423, 864)
(51, 2781, -537)
(51, 6424, -942)
(51, 748, -439)
(51, 6533, -936)
(51, 102, -800)
(51, 2811, -512)
(51, 4872, -517)
(51, 209, -762)
(52, 8261, -912)
(52, 974, -554)
(52, 2725, -586)
(52, 3383, -778)
(52, 713, -745)
(52, 4057, -516)
(52, 1656, -694)
(52, 1807, -847)
(52, 4376, -134)
(52, 445, -919)
(52, 8321, -876)
(52, 6735, -939)
(52, 3920, -682)
(52, 260, -719)
(52, 836, -840)
(52, 1423, -883)
(52, 3511, -991)
(52, 2141, 279)
(52, 679, -94)
(52, 7457, -979)
(52, 1106, 242)
(52, 3970, -890)
(52, 1314, -947)
(52, 4457, -720)
(52, 4391, 456)
(52, 2348, -266)
(52, 8396, -893)
(52, 2149, -135)
(52, 609, -791)
(53, 7010, -546)
(53, 30, -899)
(53, 2419, 258)
(53, 2969, 834)
(53, 6864, -625)
(53, 2743, -513)
(53, 860, -712)
(53, 702, -734)
(53, 5732, -536)
(53, 4985, -612)
(53, 2276, -624)
(53, 7562, 718)
(53, 2395, -981)
(53, 6505, -79)
(53, 8199, -515)
(53, 2148, 570)
(53, 1038, -911)
(53, 2895, 323)
(53, 8256, -583)
(53, 1784, -810)
(53, 842, -933)
(53, 1830, -714)
(53, 5877, -690)
(53, 2440, -654)
(53, 50, 616)
(53, 1712, 831)
(53, 1367, 377)
(53, 1929, -864)
(53, 8317, -672)
(53, 1206, 775)
(53, 371, -774)
(53, 1895, -1004)
(53, 7660, -593)
(53, 5589, -629)
(53, 6961, 705)
(53, 5109, -1019)
(53, 2132, -397)
(53, 177, -689)
(53, 1708, 741)
(53, 2387, -209)
(53, 2136, -579)
(53, 5001, -967)
(53, 7189, 776)
(53, 5938, -483)
(53, 3437, -675)
(53, 2920, 691)
(53, 5672, -863)
(53, 1350, -980)
(53, 884, -614)
(53, 813, -895)
(53, 2482, -1022)
(53, 3228, -855)
(53, 2566, -782)
(53, 3802, -674)
(53, 554, -1011)
(53, 137, 462)
(53, 1948, 501)
(53, 3943, -633)
(53, 4164, 521)
(53, 1043, -916)
(53, 2563, -601)
(53, 113, -821)
(53, 5053, -526)
(53, 2637, -800)
(53, 4036, -646)
(53, 1636, -924)
(53, 2696, -532)
(53, 5752, -551)
(53, 1880, -828)
(53, 191, 251)
(53, 1624, 151)
(53, 3723, -426)
(53, 4000, -780)
(53, 4169, -678)
(53, 1531, -953)
(53, 1838, -818)
(53, 7056, -234)
(53, 5422, -946)
(53, 1470, -768)
(53, 3174, -606)
(53, 2156, -640)
(53, 2475, -741)
(53, 5867, -996)
(53, 2709, -870)
(53, 3543, 133)
(53, 5943, -408)
(53, 2065, -665)
(53, 2778, -210)
(53, 3814, -826)
(53, 7487, -517)
(53, 7093, -698)
(53, 7514, -357)
(53, 5813, -531)
(53, 88, 949)
(53, 638, -960)
(53, 1230, -834)
(53, 1591, 860)
(53, 6210, -685)
(53, 3666, -174)
(53, 5868, -541)
(53, 2282, 339)
(53, 252, -804)
(53, 3161, -783)
(53, 3435, -810)
(53, 1674, -1023)
(53, 2570, -431)
(53, 2298, -1012)
(53, 4150, 467)
(53, 1379, 528)
(53, 2894, -309)
(53, 533, -909)
(53, 3308, -802)
(53, 2605, -732)
(53, 2962, -622)
(53, 8328, -896)
(53, 2751, -738)
(53, 43, -561)
(53, 7642, -734)
(53, 4201, -674)
(53, 1376, -118)
(53, 3826, -820)
(53, 1710, -206)
(53, 110, -581)
(53, 3495, -662)
(53, 137, -716)
(53, 4202, -986)
(53, 3398, -223)
(53, 255, -886)
(53, 1774, 889)
(53, 3589, -378)
(53, 7533, -971)
(53, 258, 759)
(53, 68, -275)
(53, 552, -738)
(53, 2715, -739)
(53, 535, -627)
(53, 4325, -599)
(53, 2541, 541)
(53, 4020, 705)
(53, 3451, -778)
(53, 7921, 757)
(53, 1889, -974)
(53, 5472, -813)
(53, 2432, -861)
(53, 121, -331)
(53, 4052, -996)
(53, 825, -761)
(53, 7052, 370)
(53, 2168, -939)
(53, 8187, 17)
(53, 2412, -886)
(53, 4151, -531)
(53, 3507, -566)
(53, 4187, 433)
(53, 2777, -568)
(53, 50, 193)
(53, 4094, -777)
(53, 145, 427)
(53, 2363, -825)
(53, 299, -662)
(53, 2934, -800)
(53, 4191, 514)
(53, 1914, -956)
(53, 6378, -658)
(53, 2965, -994)
(53, 6867, -844)
(53, 1605, -1022)
(53, 1286, -551)
(53, 3188, -998)
(53, 2635, -1010)
(53, 2821, -676)
(53, 3316, 414)
(53, 17, -911)
(53, 3585, 927)
(53, 2872, -984)
(53, 3428, -921)
(53, 4570, -829)
(53, 4782, -111)
(53, 6413, -882)
(54, 3713, -931)
(54, 3044, -238)
(54, 2717, -649)
(54, 3864, -1000)
(54, 1245, 994)
(54, 1420, -689)
(54, 1690, -855)
(54, 1545, -826)
(54, 3837, -667)
(54, 3393, 705)
(54, 207, -755)
(54, 3902, -862)
(54, 558, -579)
(54, 2699, -708)
(54, 1322, -755)
(54, 7962, 593)
(54, 2110, -900)
(54, 2040, -967)
(54, 3884, -11)
(54, 557, 465)
(54, 2155, -1001)
(54, 214, -645)
(54, 3565, -872)
(54, 121, 519)
(54, 826, -546)
(54, 2319, -722)
(54, 1025, -594)
(54, 8426, -315)
(54, 834, -840)
(54, 709, -297)
(54, 3939, -197)
(54, 8398, -637)
(54, 1236, -515)
(54, 871, 177)
(54, 42, -837)
(54, 4079, -944)
(54, 3572, -668)
(54, 5929, -920)
(54, 3401, 468)
(54, 2431, -176)
(54, 3607, -777)
(54, 1531, -794)
(54, 790, -805)
(54, 1530, 415)
(54, 7245, -974)
(54, 121, -678)
(54, 5287, -721)
(54, 2063, -687)
(54, 447, -264)
(54, 7353, -639)
(54, 6305, -539)
(54, 1160, 489)
(54, 3245, -608)
(54, 3638, 651)
(54, 2900, -484)
(54, 1732, -976)
(54, 5251, 779)
(54, 1190, -768)
(54, 2232, 713)
(54, 3167, -337)
(54, 1358, -771)
(54, 1091, -805)
(54, 2199, -869)
(54, 4107, -716)
(54, 3959, -561)
(54, 1810, -198)
(54, 2253, -665)
(54, 511, 598)
(54, 477, -712)
(54, 6630, -793)
(54, 1022, -448)
(54, 7539, 431)
(54, 3631, -822)
(54, 1520, -759)
(54, 315, 332)
(54, 6742, -883)
(54, 234, -523)
(54, 689, -546)
(54, 2635, -809)
(54, 3346, -68)
(54, 1571, -755)
(54, 7629, -852)
(54, 3463, -682)
(54, 2476, -624)
(54, 4760, -887)
(54, 4346, 234)
(54, 6643, -528)
(54, 366, -243)
(54, 883, 71)
(54, 5389, -860)
(54, 1040, 532)
(54, 4604, -687)
(54, 68, -626)
(54, 4337, -597)
(54, 3612, -763)
(54, 841, -596)
(54, 1115, 34)
(54, 2784, 792)
(54, 836, 725)
(54, 5973, 278)
(54, 3654, -833)
(54, 360, -770)
(54, 2794, -766)
(54, 1042, -623)
(54, 6105, -711)
(54, 733, -864)
(54, 2704, -521)
(54, 245, -905)
(54, 5590, -175)
(54, 7284, 385)
(54, 6313, -1004)
(54, 2654, -249)
(54, 285, -567)
(54, 732, -29)
(54, 1271, 1001)
(54, 611, -598)
(54, 3736, 779)
(54, 954, -763)
(54, 4164, -889)
(54, 1893, -928)
(54, 3890, -583)
(54, 4903, -839)
(54, 6316, -945)
(54, 1285, -84)
(54, 1318, -733)
(54, 998, -728)
(54, 3298, -482)
(54, 1911, -986)
(54, 2733, -554)
(54, 2008, -749)
(54, 253, -613)
(54, 3239, -913)
(54, 6700, 539)
(55, 2362, 711)
(55, 452, -186)
(55, 7904, -534)
(55, 2349, -334)
(55, 2543, 736)
(55, 2565, -305)
(55, 1108, -584)
(55, 5697, 966)
(55, 6611, 316)
(55, 2572, 725)
(55, 6280, -683)
(55, 1440, -750)
(55, 2617, -593)
(55, 3450, -514)
(55, 4148, 224)
(55, 1812, -607)
(55, 3565, 334)
(55, 4643, -671)
(55, 3917, 325)
(55, 364, -285)
(55, 335, 957)
(55, 257, -807)
(55, 723, -1009)
(55, 7396, 846)
(55, 2749, -899)
(55, 736, 369)
(55, 1977, -589)
(55, 2553, -875)
(55, 4405, -724)
(55, 6096, 934)
(55, 5028, 998)
(55, 8199, -954)
(55, 1956, -963)
(55, 3110, -808)
(55, 5166, -993)
(55, 2227, 568)
(55, 545, -941)
(55, 3007, -513)
(55, 1887, 639)
(55, 8075, -801)
(55, 5822, -136)
(55, 1544, -587)
(55, 3635, -547)
(55, 1928, -772)
(55, 1630, -927)
(55, 2097, -558)
(55, 3385, -802)
(55, 2252, -445)
(55, 535, -784)
(55, 2068, -150)
(55, 4072, -607)
(55, 2601, 327)
(55, 7358, -823)
(55, 147, -694)
(55, 3796, -1000)
(55, 4559, 126)
(55, 4174, 999)
(55, 3143, 817)
(55, 4213, -744)
(55, 1522, -745)
(55, 7469, -680)
(55, 4855, -660)
(55, 2607, -760)
(55, 5823, -627)
(55, 3705, 232)
(55, 7003, -591)
(55, 775, 595)
(55, 6757, 623)
(55, 6605, -713)
(56, 1544, -991)
(56, 3058, 921)
(56, 1177, -364)
(56, 2684, -756)
(56, 6784, 819)
(56, 6660, -616)
(56, 3802, -875)
(56, 5226, -785)
(56, 2574, 134)
(56, 3904, -109)
(56, 796, -746)
(56, 4284, 683)
(56, 930, -630)
(56, 982, 771)
(56, 1638, -393)
(56, 7003, -69)
(56, 682, -718)
(56, 870, -867)
(56, 2037, -987)
(56, 227, 83)
(56, 2705, -724)
(56, 7478, -935)
(56, 1923, -676)
(56, 3229, -396)
(56, 6011, -891)
(56, 1307, -947)
(56, 278, 543)
(56, 1789, -659)
(56, 2050, -170)
(56, 5041, -793)
(56, 5882, -796)
(56, 5134, -843)
(56, 293, -943)
(56, 8287, -827)
(56, 4180, -811)
(56, 896, 697)
(56, 1814, -416)
(56, 5607, -632)
(56, 2068, -636)
(56, 890, -951)
(56, 985, 582)
(56, 7769, -776)
(56, 231, -894)
(56, 1908, 474)
(56, 2812, -776)
(56, 411, -38)
(56, 4239, -51)
(56, 2181, 879)
(56, 8200, -1020)
(56, 7456, -969)
(56, 1265, 233)
(56, 4702, -970)
(56, 3719, -983)
(56, 1346, -560)
(56, 1856, -652)
(56, 2228, 281)
(56, 3788, 756)
(57, 297, 315)
(57, 3534, -965)
(57, 8309, 81)
(57, 6677, -654)
(57, 1298, -856)
(57, 7188, -660)
(57, 6501, 354)
(57, 4081, -969)
(57, 5851, -84)
(57, 4203, -771)
(57, 4155, -484)
(57, 6019, -1006)
(57, 997, 637)
(57, 432, 263)
(57, 1550, -952)
(57, 2507, -575)
(57, 5922, 463)
(57, 1037, 249)
(57, 2308, 494)
(57, 2085, -981)
(57, 4597, -880)
(57, 2660, -661)
(57, 2035, -737)
(57, 8065, -779)
(57, 2826, 403)
(57, 2430, -761)
(57, 6493, -615)
(57, 5698, -771)
(57, 7695, -946)
(57, 2838, 137)
(57, 3120, -499)
(57, 5759, 845)
(57, 234, 748)
(57, 1465, -904)
(57, 6680, -646)
(57, 2969, -923)
(57, 2670, 230)
(57, 558, -535)
(57, 7107, -439)
(57, 4876, 737)
(57, 3662, -955)
(57, 3271, -955)
(57, 3530, -859)
(57, 577, -960)
(57, 1970, -580)
(57, 1858, -645)
(57, 1487, 429)
(57, 1552, -1015)
(57, 7054, -787)
(57, 2718, -445)
(57, 4745, -919)
(57, 1132, -680)
(57, 780, 523)
(57, 1641, -134)
(57, 6100, -650)
(57, 23, -952)
(57, 1127, -834)
(57, 8109, -897)
(57, 1876, 562)
(57, 3856, -715)
(57, 2685, 441)
(57, 236, 685)
(57, 671, -915)
(57, 115, -994)
(57, 2053, -671)
(57, 2023, -994)
(57, 1207, -1022)
(57, 3908, -812)
(57, 1100, -605)
(57, 7409, 403)
(57, 1353, -507)
(57, 7884, 564)
(57, 415, -787)
(57, 4085, -715)
(57, 7220, 618)
(57, 162, -11)
(57, 853, -794)
(57, 3983, -742)
(57, 2058, 652)
(57, 3008, -924)
(57, 4199, -956)
(57, 3710, -480)
(57, 7641, 605)
(57, 1896, -94)
(57, 5193, -433)
(57, 3282, -757)
(57, 2386, 742)
(57, 7659, 75)
(57, 1154, 709)
(57, 7478, -951)
(57, 4114, 904)
(57, 2857, -527)
(57, 220, -550)
(57, 3644, -972)
(57, 4417, 574)
(57, 992, -857)
(57, 2098, -457)
(57, 7586, -80)
(57, 3782, 401)
(57, 5857, -207)
(57, 3363, -951)
(57, 4642, -819)
(57, 1064, -772)
(57, 4090, -223)
(57, 1866, 959)
(57, 2595, -998)
(57, 1428, 678)
(57, 2963, -680)
(57, 7384, -521)
(57, 2004, 741)
(57, 7364, -725)
(57, 1844, -526)
(57, 238, -922)
(58, 2253, -468)
(58, 1428, -990)
(58, 3214, -709)
(58, 2649, 148)
(58, 8390, -622)
(58, 437, -421)
(58, 2725, 81)
(58, 1877, -621)
(58, 6007, -706)
(58, 538, -364)
(58, 2037, -807)
(58, 7931, -540)
(58, 288, -961)
(58, 2910, -526)
(58, 535, -472)
(58, 3158, -598)
(58, 3234, -951)
(58, 3660, -654)
(58, 3857, -222)
(58, 281, -765)
(58, 1122, -594)
(58, 2123, -285)
(58, 7086, -955)
(58, 2595, -836)
(58, 6032, -1015)
(59, 1777, -700)
(59, 1147, -811)
(59, 2298, 313)
(59, 2242, -534)
(59, 1067, -796)
(59, 1013, -949)
(59, 3985, 475)
(59, 3621, -635)
(59, 543, -908)
(59, 330, 659)
(59, 2811, -240)
(59, 148, -52)
(59, 4737, -347)
(59, 2374, -638)
(59, 5541, -671)
(59, 121, -978)
(59, 2087, 347)
(59, 1726, -680)
(59, 409, -696)
(59, 692, -528)
(59, 4287, -579)
(59, 2871, -911)
(59, 2668, 376)
(59, 2418, 404)
(59, 408, -723)
(59, 4013, 617)
(59, 3806, 194)
(59, 2765, -645)
(59, 5786, -261)
(59, 854, -874)
(59, 2683, -338)
(59, 3464, -616)
(60, 3413, -953)
(60, 7650, -768)
(60, 3915, -920)
(60, 7142, -931)
(60, 7378, 832)
(60, 4619, -854)
(60, 5063, -686)
(60, 2758, -659)
(60, 1257, -886)
(60, 2970, -1022)
(60, 2550, -618)
(60, 7185, -596)
(60, 2035, -136)
(60, 3047, 810)
(60, 4162, -918)
(60, 1348, -198)
(60, 3995, 98)
(60, 60, 810)
(60, 2500, 274)
(60, 2829, -347)
(60, 1361, -668)
(60, 6025, -763)
(60, 248, -939)
(60, 7535, -228)
(60, 2288, 295)
(60, 1772, -864)
(60, 1403, -1)
(60, 3619, -1005)
(60, 1275, -894)
(60, 4906, 172)
(60, 1490, -549)
(60, 965, 619)
(60, 2714, -907)
(60, 6305, -871)
(60, 6425, 230)
(60, 1475, 813)
(60, 5059, -939)
(60, 3700, -1010)
(60, 308, -642)
(60, 2654, 57)
(60, 8030, 71)
(60, 2613, 80)
(60, 5508, -741)
(60, 482, -817)
(60, 7082, -710)
(60, 114, -653)
(60, 3181, -138)
(60, 114, 146)
(60, 5820, -396)
(60, 4070, -930)
(60, 4430, -897)
(60, 2093, -663)
(60, 4658, 974)
(60, 4050, -929)
(60, 4137, -828)
(60, 1571, 110)
(60, 2306, -636)
(60, 2764, -983)
(60, 8088, -986)
(60, 470, -535)
(60, 2074, -128)
(60, 711, 831)
(61, 2323, 438)
(61, 767, 143)
(61, 4094, -632)
(61, 938, -11)
(61, 991, -763)
(61, 2975, -549)
(61, 3332, 550)
(61, 1610, -679)
(61, 6462, -614)
(61, 3096, 177)
(61, 3011, 221)
(61, 2574, -858)
(61, 2141, -628)
(61, 1771, 953)
(61, 3891, 454)
(61, 2666, -125)
(61, 6468, -720)
(61, 2282, -99)
(61, 4102, -42)
(61, 2075, -342)
(61, 8260, -1016)
(61, 1639, -704)
(61, 2931, -305)
(61, 952, -729)
(61, 315, -600)
(61, 3045, -791)
(61, 3801, -795)
(61, 1952, -706)
(61, 4904, -632)
(61, 3886, -695)
(61, 3240, -863)
(61, 1286, -851)
(61, 6344, 548)
(61, 4238, -564)
(61, 1954, 486)
(61, 2851, -722)
(61, 2585, 840)
(61, 6685, -421)
(61, 1261, -20)
(61, 6605, -707)
(61, 269, -992)
(61, 246, 703)
(61, 6122, -831)
(61, 579, -466)
(61, 2486, 458)
(61, 1909, -697)
(61, 4638, -975)
(61, 1483, 239)
(61, 2241, -108)
(61, 3826, -917)
(61, 3367, 697)
(61, 1648, -765)
(61, 4105, -651)
(61, 1779, -157)
(61, 2640, -551)
(61, 5054, 1003)
(61, 5408, -684)
(61, 7954, -308)
(61, 1152, -852)
(61, 2748, 305)
(61, 603, -325)
(61, 599, 722)
(61, 821, -439)
(61, 882, -818)
(61, 5046, 562)
(61, 6369, -438)
(61, 3044, -885)
(61, 3887, 944)
(61, 703, -822)
(61, 3606, 302)
(61, 6881, -738)
(61, 1452, 945)
(61, 5250, 734)
(61, 3508, -382)
(61, 4373, -531)
(61, 3969, 404)
(61, 631, -549)
(61, 4325, -456)
(61, 1134, -853)
(61, 6743, 67)
(61, 1883, -379)
(61, 273, -212)
(61, 5911, 689)
(61, 5930, 631)
(61, 579, -563)
(61, 4032, -771)
(61, 6004, -957)
(61, 3751, -969)
(61, 69, 284)
(61, 2756, -1002)
(61, 2088, 977)
(61, 69, -748)
(61, 815, 43)
(61, 1095, 570)
(61, 295, -804)
(61, 7499, -167)
(61, 2832, -600)
(61, 4568, 677)
(61, 3984, -1003)
(61, 1483, -669)
(61, 4094, -784)
(61, 2042, 724)
(61, 2953, -986)
(61, 1718, -947)
(61, 8370, -901)
(61, 2896, -917)
(61, 2083, 177)
(61, 1786, 9)
(61, 89, 272)
(61, 2364, -818)
(61, 3183, -799)
(61, 3240, 226)
(61, 2677, -990)
(61, 2538, -728)
(61, 284, -950)
(61, 2581, -959)
(61, 1264, -843)
(61, 8212, -416)
(61, 1649, -33)
(61, 6164, -981)
(61, 461, -407)
(61, 2885, -662)
(61, 1355, -650)
(61, 2112, -570)
(61, 6931, 315)
(61, 34, 185)
(61, 8222, 66)
(61, 95, 81)
(61, 2664, -672)
(61, 3560, -752)
(61, 3666, -791)
(61, 1634, 883)
(61, 4328, -643)
(61, 3355, 795)
(61, 2250, -984)
(61, 3298, 311)
(61, 3029, 801)
(61, 2089, -723)
(61, 7079, -816)
(61, 7080, -523)
(61, 41, -281)
(61, 4719, -893)
(61, 826, -305)
(61, 5066, -663)
(61, 2531, -794)
(61, 1291, -573)
(61, 5583, -244)
(61, 4247, -901)
(61, 4154, -652)
(61, 3901, -858)
(61, 4661, -940)
(61, 2035, -493)
(61, 2512, -946)
(61, 2581, -519)
(61, 5993, -562)
(61, 5200, -770)
(61, 5410, -511)
(61, 2911, 826)
(61, 692, 641)
(61, 835, -886)
(61, 11, -926)
(61, 406, -800)
(61, 433, -865)
(61, 3860, -601)
(61, 3968, 328)
(61, 7032, -480)
(61, 4658, -659)
(61, 6636, -572)
(61, 3211, -629)
(61, 1601, 41)
(62, 3785, -591)
(62, 2256, 687)
(62, 563, -693)
(62, 3164, -768)
(62, 2894, -536)
(62, 2747, -576)
(62, 7854, 876)
(62, 1431, -526)
(62, 6767, -1021)
(62, 239, -607)
(62, 635, 294)
(62, 3028, -787)
(62, 4327, -885)
(62, 3472, -820)
(62, 4009, -916)
(62, 2806, -596)
(62, 4046, 270)
(62, 2851, 592)
(62, 3031, -992)
(62, 698, -684)
(62, 3186, -822)
(62, 443, -527)
(62, 2478, -761)
(62, 2669, -127)
(62, 2334, -618)
(62, 827, -391)
(62, 3993, -399)
(62, 239, -253)
(62, 382, -678)
(62, 1325, -533)
(62, 1006, -697)
(62, 1694, 423)
(62, 3978, -790)
(62, 7077, -502)
(62, 7098, 709)
(62, 1878, -547)
(62, 3636, -535)
(62, 4131, -445)
??? from here until ???END lines may have been inserted/deleted
(62, 1418, 1017)
(62, 2482, 84)
(62, 3743, -932)
(62, 1395, -957)
(62, 491, -855)
(62, 3492, -895)
(62, 1145, -1006)
(62, 2425, 146)
(62, 430, -927)
(62, 6152, 907)
(62, 5346, -597)
(62, 844, 981)
(62, 4989, -927)
(62, 4957, 160)
(62, 1600, -981)
(62, 2343, -536)
(62, 2335, -609)
(62, 291, -69)
(62, 5176, -186)
(62, 6374, -620)
(62, 5152, -271)
(62, 3116, -745)
(62, 3682, -988)
(62, 3200, 450)
(62, 7310, -767)
(62, 1354, -771)
(62, 4752, -859)
(62, 3840, -867)
(62, 1121, -582)
(62, 122, -865)
(62, 1263, -622)
(62, 2308, -770)
(62, 2987, -804)
(62, 4019, -926)
(62, 5898, -683)
(62, 2882, 727)
(62, 3527, 87)
(62, 961, 279)
(62, 2043, -224)
(62, 2235, -710)
(62, 2228, -118)
(62, 4991, 887)
(62, 3844, -780)
(62, 2633, 337)
(62, 4073, -761)
(62, 1620, -991)
(62, 5720, -639)
(62, 2028, -652)
(62, 2975, -887)
(62, 2073, 649)
(62, 3921, 683)
(62, 1373, -617)
(62, 3394, -923)
(62, 341, -863)
(62, 913, 466)
(62, 6054, 461)
(62, 747, 869)
(62, 4966, -711)
(63, 2907, -1015)
(63, 4129, -909)
(63, 5221, -778)
(63, 1702, 293)
(63, 5871, -563)
(63, 946, 76)
(63, 2223, -521)
(63, 3148, -972)
(63, 2462, 709)
(63, 7634, -1014)
(63, 2614, -671)
(63, 315, -864)
(63, 5045, -517)
(63, 4763, -892)
(63, 3496, 590)
(63, 6641, 567)
(63, 6025, 469)
(63, 445, -412)
(63, 2171, 630)
(63, 3298, 971)
(63, 1235, -989)
(63, 5480, -523)
(63, 5067, -729)
(63, 1019, 372)
(63, 4478, -578)
(63, 1122, -659)
(63, 1091, 83)
(63, 848, -580)
(63, 1199, -963)
(63, 3752, 401)
(63, 3618, 978)
(63, 8012, -735)
(63, 1404, 443)
(63, 2962, -651)
(63, 4198, -657)
(63, 645, 658)
(63, 2123, 744)
(63, 1933, 754)
(63, 2128, -242)
(63, 4212, 298)
(63, 947, 542)
(63, 3918, 615)
(63, 540, -592)
(63, 5093, -771)
(63, 2841, -918)
(63, 640, -768)
(63, 3994, -823)
(63, 3159, -684)
(63, 3792, -374)
(63, 1616, -107)
(63, 2741, -855)
(63, 3002, -584)
(63, 3284, 294)
(63, 6085, 180)
(63, 7490, -773)
(63, 6363, -972)
(63, 6553, -793)
(63, 3456, -626)
(63, 3050, -718)
(63, 7390, -816)
(63, 2698, -368)
(63, 5812, -865)
(63, 2399, -748)
(63, 1212, -703)
(63, 3934, -944)
(64, 4237, -689)
(64, 6901, 952)
(64, 3927, -428)
(64, 2865, -618)
(64, 2779, -913)
(64, 195, -1023)
(64, 2586, 346)
(64, 4008, -851)
(64, 3536, 50)
(64, 7433, -959)
(64, 1242, 882)
(64, 3901, -991)
(64, 2610, -836)
(64, 2464, -373)
(64, 405, -563)
(64, 1437, -353)
(64, 2155, -995)
(64, 3046, -397)
(64, 1666, -892)
(64, 1570, 632)
(64, 1346, -590)
(64, 1489, -818)
(64, 983, 380)
(64, 2170, -755)
(64, 1956, -725)
(64, 53, -35)
(64, 674, 142)
(64, 3310, 337)
(64, 2630, -888)
(64, 3033, -951)
(64, 1096, 569)
(64, 3553, 497)
(64, 4387, 775)
(64, 2160, -537)
(64, 5799, -602)
(64, 1938, 616)
(64, 881, -748)
(64, 966, 389)
(64, 6250, 837)
(64, 1462, -825)
(64, 1041, -938)
(64, 2744, -530)
(64, 6384, -981)
(64, 4923, 129)
(64, 6581, -721)
(64, 7217, -657)
(64, 1794, -710)
(64, 2451, -641)
(64, 2711, -818)
(65, 459, -561)
(65, 6423, -821)
(65, 1436, -906)
(65, 4900, -830)
(65, 1172, -876)
(65, 795, 491)
(65, 2979, -929)
(65, 1095, -624)
(65, 3815, -691)
(65, 7594, -516)
(65, 8035, -348)
(65, 351, -878)
(65, 1230, -815)
(65, 1311, 200)
(65, 3996, -278)
(65, 4308, -763)
(65, 105, 383)
(65, 581, -691)
(65, 8171, -979)
(65, 4416, -677)
(65, 3911, -840)
(65, 1164, -691)
(65, 3478, -927)
(65, 132, -799)
(65, 396, -39)
(65, 3729, -541)
???END
